0 332 455 53 21
0 367 385 35 16
0 150 311 64 25
0 283 296 206 37
0 681 292 38 29
0 562 291 66 37
0 522 272 16 7
0 333 245 25 13
0 45 187 33 24
0 401 155 166 45
0 165 137 176 52
0 1 116 38 25
0 641 37 78 25
1 352 457 32 15
1 376 384 31 14
1 150 302 71 32
1 289 295 205 37
1 569 291 63 37
1 338 243 25 14
1 53 186 30 24
1 406 155 166 44
1 170 137 176 46
1 1 117 46 26
1 646 37 73 25
2 342 456 48 20
2 389 384 23 13
2 155 303 73 30
2 295 295 204 36
2 573 292 63 36
2 264 272 11 8
2 345 243 21 12
2 59 184 31 23
2 410 155 166 43
2 173 136 178 52
2 1 109 51 31
2 650 41 69 20
3 345 454 54 23
3 381 380 39 18
3 176 308 58 23
3 303 294 202 36
3 582 292 59 34
3 69 187 24 16
3 415 155 167 44
3 181 136 175 52
3 1 102 59 36
3 655 40 64 22
4 367 455 30 15
4 397 380 28 15
4 173 303 67 28
4 309 293 202 35
4 586 290 62 36
4 358 242 17 10
4 75 184 26 20
4 422 154 164 45
4 187 135 173 53
4 1 103 66 37
4 660 41 59 20
5 338 452 69 26
5 398 380 34 16
5 186 305 59 25
5 314 294 202 36
5 591 291 62 35
5 364 243 19 10
5 80 185 28 21
5 425 155 165 44
5 193 135 173 47
5 1 102 72 38
5 665 42 54 20
6 358 452 53 23
6 404 378 37 18
6 204 306 48 23
6 320 294 201 34
6 592 291 65 35
6 88 186 27 18
6 430 155 165 44
6 197 136 175 50
6 1 104 78 35
6 669 42 50 20
7 350 453 64 23
7 409 378 39 17
7 206 306 53 23
7 328 293 201 36
7 605 291 57 35
7 9 272 35 10
7 380 243 14 10
7 96 188 25 16
7 435 155 165 43
7 204 137 173 48
7 1 104 86 39
7 676 42 41 20
8 356 454 63 23
8 419 379 31 16
8 221 310 45 21
8 1 303 44 28
8 333 294 201 36
8 607 291 60 35
8 1 269 55 26
8 381 243 31 13
8 102 187 27 20
8 441 155 164 42
8 209 138 172 48
8 1 110 93 34
8 679 43 40 19
9 355 453 67 25
9 420 378 37 17
9 222 308 48 23
9 338 293 201 35
9 611 290 62 36
9 304 272 15 7
9 386 243 32 13
9 107 187 30 23
9 384 178 12 8
9 445 156 163 41
9 214 138 172 51
9 1 109 100 36
9 682 45 36 17
10 359 451 71 26
10 430 378 30 16
10 216 305 61 26
10 1 302 57 28
10 345 292 198 36
10 605 289 73 36
10 17 270 55 20
10 394 243 17 8
10 114 187 28 18
10 450 155 162 45
10 218 138 173 46
10 1 109 105 36
10 689 44 25 17
11 359 450 75 27
11 432 377 33 16
11 245 308 36 20
11 1 302 63 30
11 351 292 197 35
11 611 290 10 15
11 622 288 60 35
11 24 269 53 21
11 399 241 15 10
11 119 186 29 21
11 453 155 164 45
11 222 137 174 49
11 10 109 102 36
11 695 47 20 10
12 363 451 72 26
12 444 377 27 14
12 236 305 52 23
12 1 302 70 31
12 355 292 198 35
12 627 288 59 36
12 34 266 49 23
12 404 241 16 10
12 125 185 30 22
12 458 154 163 46
12 227 137 172 45
12 18 109 101 36
12 695 44 24 18
13 368 450 73 27
13 442 375 37 15
13 1 301 70 27
13 227 298 67 29
13 362 291 198 35
13 632 286 60 37
13 35 265 54 20
13 411 241 15 7
13 136 186 23 16
13 464 154 161 43
13 234 137 169 51
13 26 104 99 39
13 701 45 18 15
14 376 447 67 27
14 444 374 42 16
14 252 302 51 24
14 1 295 82 31
14 368 290 197 35
14 638 285 59 36
14 44 259 56 23
14 150 186 15 13
14 469 153 161 42
14 239 135 170 52
14 33 106 99 33
15 382 447 69 27
15 453 374 38 15
15 254 302 54 23
15 1 295 88 28
15 376 287 195 36
15 633 285 68 36
15 51 261 52 18
15 425 238 13 8
15 152 184 21 17
15 474 153 161 45
15 245 135 170 48
15 42 105 98 34
16 382 446 73 30
16 460 373 37 17
16 275 302 39 22
16 1 294 95 31
16 380 287 196 36
16 649 284 57 37
16 58 262 47 15
16 428 237 21 10
16 158 184 22 15
16 479 153 161 45
16 250 135 171 52
16 48 104 99 34
17 385 447 70 29
17 467 373 38 17
17 1 299 60 18
17 257 298 64 27
17 387 287 196 36
17 655 285 57 35
17 70 265 17 6
17 435 237 17 11
17 484 154 161 41
17 256 135 169 51
17 55 104 97 35
18 396 442 62 31
18 481 373 28 13
18 396 288 193 35
18 654 286 65 34
18 492 154 159 43
18 264 137 167 51
18 65 104 98 37
19 425 450 32 15
19 483 369 34 16
19 299 298 38 23
19 1 292 104 32
19 403 286 195 35
19 656 284 62 34
19 90 264 31 10
19 497 152 160 43
19 272 134 167 44
19 76 109 98 31
20 439 449 22 10
20 486 368 39 17
20 289 296 54 25
20 1 291 128 30
20 409 284 196 37
20 672 283 47 34
20 457 235 29 10
20 193 183 19 15
20 503 151 158 43
20 278 133 166 46
20 84 109 97 28
21 438 444 30 14
21 502 368 23 12
21 303 297 47 21
21 1 290 137 31
21 416 284 193 34
21 666 281 53 33
21 109 261 20 8
21 464 235 29 11
21 200 184 16 10
21 508 150 158 38
21 284 134 165 40
21 91 109 97 28
22 447 444 20 8
22 507 362 28 13
22 309 293 48 22
22 6 286 142 33
22 423 280 190 34
22 674 279 45 28
22 110 259 42 12
22 472 231 14 9
22 204 178 24 18
22 399 165 31 7
22 515 147 156 35
22 290 130 164 33
22 1 108 29 16
22 99 104 96 29
23 325 292 36 20
23 4 283 151 31
23 690 280 26 22
23 428 276 193 34
23 213 176 21 13
23 518 145 158 30
23 295 127 166 37
23 1 103 41 21
23 106 101 95 31
24 527 357 16 12
24 321 287 48 21
24 20 280 143 31
24 434 274 194 34
24 129 253 48 16
24 219 174 21 15
24 522 143 158 34
24 301 126 165 45
24 114 104 95 27
24 2 103 44 17
25 427 433 64 22
25 525 355 26 12
25 335 285 42 21
25 32 281 105 27
25 443 271 190 34
25 528 141 157 37
25 308 125 163 40
25 122 96 95 33
25 1 96 55 25
26 531 352 33 14
26 365 288 13 10
26 44 277 104 27
26 450 271 192 32
26 500 225 17 7
26 537 137 157 43
26 315 122 164 39
26 10 96 56 21
26 132 91 96 37
27 537 351 37 16
27 357 283 37 19
27 55 276 110 26
27 457 270 193 33
27 157 248 36 14
27 543 137 157 39
27 323 122 163 39
27 1 93 76 24
27 142 88 95 37
28 559 352 15 10
28 367 282 33 18
28 70 277 94 22
28 468 270 188 32
28 163 247 25 11
28 551 136 156 41
28 331 122 162 36
28 1 93 84 24
28 150 91 95 33
29 568 349 18 11
29 380 282 28 17
29 77 272 101 27
29 476 266 191 34
29 559 133 155 41
29 337 119 165 47
29 1 94 97 24
29 161 91 95 33
30 571 347 21 12
30 387 279 30 19
30 83 267 118 32
30 483 264 191 34
30 60 246 31 14
30 181 241 35 14
30 531 215 30 10
30 566 132 153 37
30 342 118 166 35
30 170 93 93 31
30 1 91 104 25
31 471 434 21 9
31 581 346 19 11
31 393 276 32 21
31 90 268 131 31
31 492 263 188 34
31 541 215 15 8
31 572 131 147 32
31 351 115 163 37
31 178 91 91 32
31 12 88 102 27
32 472 421 58 24
32 587 345 21 12
32 386 273 46 22
32 92 267 140 30
32 497 261 192 34
32 57 241 52 12
32 201 240 23 6
32 546 212 32 12
32 297 163 7 13
32 578 129 141 32
32 357 114 163 49
32 185 92 93 30
32 21 87 100 25
33 474 422 64 42
33 594 345 17 12
33 394 272 46 23
33 1 266 235 31
33 502 261 193 34
33 194 230 64 21
33 46 230 85 29
33 552 212 32 11
33 290 161 22 17
33 584 129 135 31
33 360 112 166 52
33 192 88 93 29
33 28 86 98 24
34 476 423 67 30
34 600 346 25 13
34 412 275 33 22
34 88 268 152 32
34 509 263 191 33
34 202 232 63 26
34 55 230 75 27
34 587 131 132 33
34 366 114 164 42
34 34 87 97 25
34 197 86 92 34
35 486 426 65 29
35 612 346 29 16
35 22 288 70 12
35 418 277 44 24
35 525 264 192 35
35 104 264 154 38
35 71 238 74 28
35 217 232 66 28
35 575 215 14 9
35 603 131 116 32
35 378 116 166 45
35 215 89 93 34
35 52 88 98 28
36 486 427 63 27
36 613 346 28 16
36 22 288 70 12
36 417 277 45 24
36 105 265 153 37
36 525 264 192 35
36 71 238 74 28
36 217 232 66 28
36 575 215 14 9
36 603 131 116 32
36 378 116 166 45
36 215 89 93 34
36 52 88 98 28
37 492 427 64 32
37 624 351 18 11
37 421 279 45 23
37 21 271 243 34
37 533 266 186 36
37 71 238 87 30
37 224 230 67 32
37 317 166 24 20
37 608 133 111 30
37 385 119 166 42
37 222 93 90 30
37 57 91 97 27
38 499 431 56 26
38 630 352 22 12
38 424 280 48 24
38 25 272 243 34
38 538 269 181 33
38 75 238 89 32
38 231 235 64 32
38 588 220 25 10
38 612 135 107 31
38 390 121 165 44
38 227 93 91 33
38 62 86 100 35
39 502 431 71 25
39 628 353 27 14
39 431 282 45 23
39 29 279 244 29
39 542 271 177 33
39 1 254 21 12
39 83 246 87 25
39 235 235 67 34
39 592 221 32 14
39 328 171 24 18
39 618 137 101 31
39 396 122 164 40
39 1 108 12 17
39 234 103 90 24
39 67 88 99 34
40 504 434 68 24
40 632 354 29 16
40 441 285 41 23
40 34 281 246 29
40 546 271 173 36
40 1 253 25 16
40 85 243 90 28
40 237 235 71 35
40 333 172 23 19
40 245 158 12 10
40 80 155 14 9
40 620 139 99 30
40 399 124 164 37
40 1 111 17 16
40 238 103 90 26
40 73 91 97 33
41 502 435 75 30
41 640 359 26 14
41 439 288 47 24
41 37 284 246 30
41 551 276 168 34
41 1 256 29 14
41 242 243 70 28
41 89 243 92 30
41 336 173 25 23
41 250 158 15 13
41 85 155 14 10
41 625 145 94 28
41 403 126 163 39
41 1 111 20 16
41 242 102 90 28
41 77 92 98 33
42 507 438 75 28
42 638 360 33 17
42 449 292 42 22
42 39 286 247 30
42 557 278 162 36
42 9 261 20 8
42 91 250 93 26
42 245 247 68 26
42 339 176 25 21
42 255 163 9 9
42 91 157 9 9
42 630 146 89 28
42 406 127 164 32
42 1 112 25 20
42 247 108 88 24
42 79 91 99 36
43 509 438 79 31
43 646 362 33 16
43 45 300 30 15
43 460 293 39 23
43 93 286 198 32
43 564 282 155 32
43 9 250 21 16
43 257 249 57 23
43 98 246 86 33
43 633 149 86 27
43 411 130 165 40
43 1 111 30 22
43 252 104 90 31
43 84 97 103 32
44 516 441 73 30
44 654 363 32 17
44 466 294 39 24
44 54 289 246 32
44 571 282 148 34
44 21 264 21 13
44 108 253 88 29
44 259 249 70 28
44 623 232 17 10
44 366 184 7 12
44 530 164 29 10
44 101 159 14 11
44 640 151 79 26
44 417 131 165 32
44 1 114 37 22
44 260 101 90 34
44 92 97 102 33
45 520 442 72 29
45 660 364 30 15
45 58 303 110 19
45 469 295 41 23
45 169 291 135 30
45 577 283 142 34
45 27 269 18 8
45 111 256 88 28
45 263 253 64 26
45 628 233 28 10
45 358 182 23 20
45 643 152 76 26
45 422 132 164 43
45 1 119 39 20
45 263 109 92 29
45 97 102 97 30
46 527 441 75 29
46 176 291 133 29
46 584 287 135 28
46 268 248 64 27
46 649 153 69 23
46 427 130 165 45
46 1 119 46 19
46 270 110 90 29
46 99 96 105 36
47 535 442 72 29
47 469 293 58 24
47 70 289 249 33
47 592 282 127 33
47 278 253 61 20
47 123 253 90 28
47 644 230 27 11
47 657 151 62 24
47 434 130 166 43
47 1 111 55 26
47 280 109 88 29
47 109 98 104 34
48 536 442 74 30
48 477 294 56 24
48 75 289 249 32
48 599 283 120 32
48 131 253 87 28
48 283 251 60 20
48 649 230 29 13
48 379 180 22 18
48 662 151 56 24
48 438 128 167 44
48 285 111 89 24
48 1 111 59 26
48 116 101 102 29
49 543 443 73 29
49 474 290 65 27
49 607 289 112 26
49 85 288 242 30
49 292 255 58 16
49 137 253 82 26
49 656 230 28 12
49 389 180 18 17
49 668 151 51 24
49 444 129 166 41
49 291 111 90 24
49 122 106 100 24
49 1 104 66 31
50 545 439 77 33
50 506 295 41 21
50 90 287 246 31
50 613 283 106 32
50 300 253 65 19
50 142 248 86 29
50 675 150 44 23
50 449 127 166 44
50 298 104 91 30
50 1 103 73 32
50 128 101 102 27
51 551 442 74 29
51 94 302 88 16
51 507 294 49 22
51 199 288 146 29
51 620 284 99 31
51 304 252 67 20
51 147 248 92 30
51 402 178 20 16
51 681 149 37 24
51 456 127 167 39
51 1 105 78 29
51 304 104 92 28
51 136 99 103 28
52 555 443 72 27
52 519 295 43 20
52 98 286 253 33
52 628 284 91 30
52 308 248 68 25
52 153 248 92 29
52 409 179 16 12
52 686 149 33 24
52 461 127 167 32
52 1 105 82 28
52 310 103 91 29
52 142 97 102 30
53 560 443 73 26
53 509 292 60 23
53 636 287 83 27
53 107 285 252 31
53 160 246 91 29
53 316 244 68 30
53 692 148 27 25
53 468 126 167 50
53 318 99 92 33
53 1 98 90 34
53 148 93 104 31
54 566 444 72 27
54 112 295 84 20
54 522 293 56 22
54 643 287 76 26
54 225 284 141 31
54 324 245 70 28
54 168 244 88 29
54 702 153 12 17
54 476 124 167 49
54 328 105 90 25
54 1 96 101 34
54 157 89 103 34
55 571 444 71 26
55 539 295 46 20
55 652 289 58 26
55 129 285 243 32
55 331 248 65 24
55 173 247 92 29
55 710 153 9 15
55 481 126 168 47
55 335 106 91 24
55 1 98 105 31
55 165 90 102 32
56 575 443 77 30
56 553 295 39 22
56 661 289 58 26
56 168 287 212 31
56 337 248 66 26
56 183 246 90 29
56 489 126 167 43
56 342 104 92 28
56 14 101 99 31
56 172 93 101 30
57 583 449 71 24
57 558 295 43 24
57 667 290 52 27
57 132 289 256 32
57 345 251 64 25
57 186 249 96 33
57 49 188 16 9
57 443 178 23 18
57 190 157 9 8
57 494 127 168 39
57 22 104 96 28
57 350 101 92 30
57 180 93 103 31
58 592 452 38 19
58 566 298 41 23
58 676 292 39 26
58 142 290 251 35
58 351 252 61 27
58 196 252 91 31
58 450 179 23 20
58 499 127 169 32
58 26 104 98 31
58 355 99 92 34
58 185 96 103 31
59 600 456 30 14
59 554 297 61 26
59 681 294 38 26
59 147 290 252 36
59 357 256 65 26
59 201 254 90 36
59 504 127 170 42
59 32 107 97 30
59 364 104 88 31
59 192 104 102 25
60 696 301 11 14
60 273 291 126 32
60 234 259 62 23
60 365 258 46 23
60 513 129 166 43
60 199 103 107 29
60 39 103 100 36
60 370 99 93 38
61 612 447 67 26
61 272 292 143 33
61 380 264 32 7
61 249 259 52 23
61 522 128 167 41
61 211 104 103 28
61 47 103 103 36
61 381 100 91 37
62 619 450 59 25
62 224 311 32 11
62 582 300 63 26
62 291 292 136 34
62 386 256 54 22
62 233 256 82 31
62 487 184 17 15
62 530 129 168 33
62 57 105 100 34
62 219 102 104 28
62 389 100 92 37
63 623 450 61 25
63 599 301 51 25
63 186 293 246 33
63 391 257 62 24
63 234 254 88 34
63 494 184 18 15
63 652 164 26 8
63 535 130 167 33
63 227 103 105 26
63 62 102 103 34
63 396 99 93 37
64 627 446 68 29
64 233 309 37 14
64 608 300 51 26
64 292 292 148 33
64 401 259 59 20
64 245 255 86 29
64 542 128 167 33
64 404 100 93 34
64 70 98 103 36
64 234 93 103 35
65 637 452 69 23
65 1 330 18 23
65 618 302 48 25
65 188 290 259 37
65 250 256 90 31
65 404 254 70 28
65 507 180 22 19
65 664 166 28 9
65 548 129 169 32
65 78 103 99 29
65 412 99 92 34
65 241 91 104 36
66 636 453 75 24
66 1 334 21 21
66 601 297 69 31
66 192 295 257 33
66 252 258 92 30
66 410 256 69 28
66 509 180 26 22
66 669 167 26 5
66 253 159 16 12
66 551 130 168 32
66 420 107 90 27
66 246 100 103 27
66 80 99 101 34
67 643 455 70 20
67 621 305 53 25
67 196 299 261 31
67 254 256 95 35
67 416 255 66 33
67 515 183 24 21
67 259 162 12 9
67 556 131 163 33
67 424 105 91 32
67 84 98 102 36
67 250 93 103 36
68 631 307 50 25
68 201 302 263 30
68 260 259 94 33
68 422 254 70 37
68 520 184 25 20
68 561 133 158 43
68 431 111 88 27
68 90 102 102 34
68 258 99 101 31
69 623 307 64 27
69 206 302 262 33
69 426 260 68 33
69 251 259 108 35
69 121 194 18 11
69 523 184 28 26
69 268 163 18 14
69 566 133 150 53
69 436 111 89 29
69 96 99 100 38
69 262 97 101 34
70 648 313 44 23
70 212 305 260 33
70 181 264 21 25
70 263 260 102 35
70 431 259 69 34
70 530 187 25 20
70 568 135 151 44
70 442 106 88 36
70 267 98 102 34
70 101 97 100 42
71 29 351 11 13
71 216 308 260 32
71 624 305 73 34
71 182 279 27 14
71 277 264 94 32
71 435 261 70 33
71 21 222 13 14
71 132 201 18 9
71 533 187 28 26
71 448 177 12 11
71 688 171 29 10
71 278 166 19 15
71 574 135 145 34
71 446 111 89 32
71 104 101 103 40
71 272 99 101 36
72 674 468 36 8
72 26 353 20 19
72 630 315 69 26
72 219 310 258 34
72 188 284 20 11
72 279 270 95 30
72 436 269 71 28
72 1 220 48 32
72 122 200 33 17
72 535 190 28 25
72 281 171 17 13
72 576 139 143 36
72 448 117 90 28
72 107 108 102 37
72 275 101 100 38
73 649 318 52 28
73 224 312 260 36
73 283 270 95 35
73 438 269 74 33
73 134 206 25 15
73 540 195 26 25
73 579 144 140 38
73 450 117 92 32
73 111 113 103 38
73 280 103 100 41
74 658 321 47 27
74 228 314 261 36
74 291 274 93 34
74 443 271 73 33
74 1 229 50 32
74 144 210 21 12
74 544 197 30 30
74 583 146 136 32
74 456 122 91 31
74 116 117 102 36
74 285 110 101 36
75 657 326 53 26
75 233 318 260 37
75 202 295 22 9
75 294 277 95 40
75 452 275 69 34
75 1 231 54 35
75 145 211 27 17
75 552 202 24 22
75 589 149 130 31
75 461 123 90 32
75 124 119 98 37
75 290 117 101 33
76 654 331 61 27
76 236 326 261 36
76 296 283 93 35
76 455 281 69 34
76 1 235 56 37
76 154 219 19 11
76 553 206 27 24
76 471 195 10 10
76 301 188 18 11
76 592 154 127 32
76 127 132 100 31
76 466 127 87 35
76 295 126 98 30
77 656 334 63 28
77 241 331 258 34
77 211 306 17 8
77 458 287 71 31
77 300 287 95 34
77 1 240 71 40
77 154 222 25 14
77 555 211 29 25
77 472 200 15 12
77 306 193 13 10
77 596 158 123 34
77 132 136 100 31
77 469 135 88 32
77 299 130 99 32
78 57 380 13 15
78 662 338 57 26
78 244 333 258 35
78 303 295 95 28
78 461 292 70 28
78 1 243 74 36
78 157 225 24 13
78 558 213 29 30
78 476 203 14 9
78 600 162 119 32
78 472 140 90 31
78 134 135 103 35
78 304 130 97 34
79 657 338 62 30
79 248 336 257 33
79 306 295 95 31
79 463 292 72 31
79 1 245 81 37
79 160 226 26 15
79 561 217 28 29
79 481 206 13 9
79 601 166 118 31
79 476 146 89 27
79 139 144 102 29
79 309 140 96 27
80 252 349 118 22
80 675 345 44 25
80 371 338 138 32
80 314 298 90 30
80 467 295 71 29
80 1 240 93 42
80 566 220 28 31
80 605 169 114 33
80 481 150 87 26
80 311 140 100 30
80 145 138 100 36
81 67 382 17 16
81 255 352 117 21
81 660 347 59 28
81 377 340 135 32
81 1 333 12 26
81 225 313 20 13
81 317 297 90 34
81 470 296 71 33
81 164 229 32 18
81 569 225 26 27
81 1 222 92 63
81 489 211 15 10
81 607 172 112 31
81 484 148 86 31
81 317 146 97 26
81 149 141 101 35
82 71 386 15 12
82 662 349 57 29
82 258 344 256 31
82 1 336 17 26
82 227 315 22 12
82 319 302 90 33
82 475 297 69 37
82 170 231 31 20
82 570 227 28 29
82 1 223 95 65
82 491 216 11 9
82 327 208 11 8
82 609 177 110 31
82 488 150 84 35
82 319 148 98 28
82 152 145 102 34
83 433 439 13 7
83 74 385 17 13
83 658 350 61 28
83 261 346 256 30
83 1 337 23 26
83 232 317 19 9
83 322 304 90 31
83 478 299 70 34
83 1 250 113 38
83 572 228 29 28
83 1 226 19 23
83 494 217 10 10
83 327 207 16 12
83 614 179 105 31
83 491 158 85 28
83 323 148 97 31
83 156 143 102 38
84 432 438 17 8
84 663 349 56 28
84 263 345 257 30
84 1 337 27 26
84 326 303 90 32
84 480 296 71 37
84 575 229 28 25
84 1 225 111 64
84 495 217 11 10
84 330 207 15 12
84 615 178 104 32
84 493 160 86 26
84 327 148 95 31
84 160 144 101 37
85 84 385 17 14
85 671 350 48 27
85 268 346 254 29
85 1 337 33 25
85 241 317 17 9
85 330 302 89 32
85 483 297 71 37
85 1 251 116 36
85 579 230 27 26
85 1 227 28 21
85 334 209 14 11
85 619 179 100 34
85 496 161 86 25
85 331 145 94 34
85 166 143 99 38
86 695 350 24 25
86 270 342 255 31
86 1 336 36 26
86 242 315 21 12
86 332 297 91 35
86 484 295 71 34
86 579 228 29 26
86 1 225 126 65
86 501 217 14 11
86 336 206 19 14
86 624 177 95 33
86 499 155 85 30
86 333 145 94 34
86 169 142 99 39
87 89 380 18 16
87 676 344 43 28
87 273 341 252 30
87 1 332 37 27
87 247 314 15 7
87 335 295 88 34
87 486 294 71 33
87 582 225 27 28
87 1 222 125 62
87 502 212 15 11
87 361 207 22 8
87 337 202 21 15
87 626 176 93 31
87 335 148 94 28
87 501 146 86 37
87 171 142 99 37
88 440 430 18 9
88 90 379 19 16
88 274 350 118 19
88 678 344 41 27
88 393 339 133 30
88 1 331 39 26
88 245 309 19 13
88 336 294 88 33
88 486 293 72 32
88 21 248 105 35
88 185 230 33 16
88 583 225 27 28
88 1 220 33 24
88 504 212 16 10
88 338 202 46 13
88 627 176 92 31
88 337 148 95 25
88 502 147 85 34
88 171 140 99 38
89 440 427 16 10
89 91 376 18 18
89 275 349 117 18
89 672 343 47 27
89 394 337 131 30
89 1 328 41 26
89 244 300 21 21
89 336 293 89 32
89 486 292 71 31
89 184 228 33 17
89 583 223 26 28
89 1 216 121 64
89 504 209 19 12
89 340 202 45 11
89 628 173 91 31
89 502 145 85 34
89 173 138 99 38
89 338 136 94 36
90 438 425 20 9
90 91 375 18 17
90 675 340 44 28
90 275 336 250 31
90 1 327 41 25
90 245 302 20 16
90 337 293 88 30
90 486 291 72 30
90 11 244 120 35
90 185 227 32 14
90 582 222 26 29
90 1 215 36 28
90 504 208 15 12
90 340 201 44 11
90 626 172 93 30
90 501 145 84 34
90 173 137 100 36
90 338 135 97 36
90 185 98 20 9
91 94 373 20 17
91 665 333 54 32
91 276 333 249 31
91 1 326 44 25
91 247 305 21 10
91 337 291 88 30
91 487 288 71 31
91 14 243 120 34
91 188 225 31 16
91 582 221 25 27
91 1 215 38 25
91 504 207 14 12
91 342 199 44 15
91 625 171 94 31
91 501 144 83 33
91 175 136 99 37
91 338 133 97 37
91 186 98 20 8
92 432 420 26 11
92 95 372 20 16
92 675 336 44 26
92 278 332 246 31
92 1 325 46 26
92 246 295 27 21
92 337 289 89 32
92 486 285 71 33
92 1 247 10 26
92 15 241 119 35
92 183 224 39 16
92 580 218 27 28
92 1 214 40 24
92 503 204 16 13
92 342 198 43 14
92 624 171 95 28
92 501 143 83 33
92 177 134 97 38
92 339 133 96 35
92 352 91 15 8
93 97 372 18 14
93 662 333 57 28
93 278 332 245 30
93 1 324 46 26
93 247 293 26 23
93 337 287 88 32
93 486 283 69 34
93 1 246 10 28
93 16 241 119 35
93 184 223 38 17
93 579 217 26 29
93 1 215 41 24
93 502 204 16 13
93 365 202 19 7
93 342 197 21 15
93 623 170 96 29
93 501 142 83 34
93 177 135 98 37
93 339 133 96 35
93 191 97 15 7
93 353 91 13 8
94 438 421 20 8
94 101 371 16 15
94 657 331 62 30
94 280 331 243 31
94 1 323 46 26
94 248 290 27 25
94 337 287 88 31
94 486 283 68 34
94 1 248 10 25
94 19 241 116 34
94 186 222 37 18
94 577 217 28 29
94 1 214 43 23
94 501 204 16 12
94 342 198 42 14
94 620 171 99 30
94 500 144 82 32
94 178 135 98 37
94 340 132 95 36
95 440 421 17 8
95 102 373 17 14
95 281 332 241 31
95 660 331 59 31
95 1 324 50 27
95 249 293 26 24
95 337 289 89 32
95 484 285 69 33
95 1 242 134 37
95 193 225 30 16
95 577 220 25 26
95 1 215 45 23
95 501 207 15 12
95 343 199 45 14
95 620 173 99 29
95 500 145 82 32
95 179 135 99 38
95 341 133 94 37
96 438 421 18 9
96 101 373 19 17
96 660 336 59 27
96 281 333 241 31
96 1 327 54 24
96 250 295 23 22
96 337 291 89 30
96 482 287 71 32
96 196 227 26 14
96 574 222 28 26
96 1 216 130 71
96 500 208 15 11
96 343 200 45 14
96 616 175 103 28
96 499 144 80 35
96 180 139 98 37
96 342 134 90 38
96 352 98 19 8
97 429 421 27 10
97 103 376 16 15
97 664 339 54 24
97 281 336 238 31
97 1 329 56 26
97 248 296 25 24
97 338 292 87 31
97 481 290 69 29
97 1 246 128 45
97 194 230 30 16
97 572 225 26 24
97 1 220 46 28
97 499 211 15 11
97 342 202 46 13
97 612 176 107 28
97 497 149 79 34
97 181 142 97 37
97 340 141 92 35
98 430 424 26 10
98 108 380 13 14
98 658 340 56 24
98 283 337 236 30
98 1 332 56 27
98 252 311 21 11
98 339 294 85 33
98 481 292 66 30
98 194 233 32 15
98 569 226 28 27
98 1 223 127 70
98 499 215 12 9
98 366 210 15 7
98 343 206 20 13
98 609 178 110 29
98 496 155 79 31
98 340 144 92 35
98 183 142 95 41
99 440 426 16 8
99 107 380 20 18
99 658 341 55 26
99 285 339 235 30
99 1 336 58 26
99 253 308 23 18
99 341 295 84 34
99 481 293 66 31
99 194 235 35 16
99 570 228 25 28
99 1 227 133 64
99 499 218 12 9
99 345 209 18 13
99 607 183 112 27
99 496 157 78 33
99 185 148 93 37
99 343 145 90 37
100 434 426 19 9
100 109 384 17 14
100 656 341 51 27
100 284 339 233 33
100 1 338 59 26
100 252 313 26 15
100 340 299 83 31
100 481 296 63 30
100 195 238 34 15
100 566 230 27 27
100 1 228 135 65
100 345 212 15 11
100 604 184 115 41
100 494 161 80 31
100 186 153 94 36
100 342 150 88 35
100 106 4 23 11
101 432 426 21 10
101 111 385 17 13
101 651 341 54 26
101 285 340 232 32
101 1 339 61 26
101 252 305 28 23
101 339 301 85 30
101 480 295 61 31
101 199 243 28 8
101 1 233 132 60
101 564 232 25 25
101 494 222 15 11
101 344 212 18 14
101 600 186 118 29
101 493 163 79 31
101 187 155 94 36
101 342 153 86 33
101 106 6 21 11
102 115 386 16 11
102 286 339 231 33
102 1 339 64 27
102 649 336 53 28
102 254 305 25 23
102 341 302 82 29
102 480 295 61 31
102 207 243 21 11
102 1 234 133 61
102 563 230 25 26
102 494 222 16 12
102 683 217 26 13
102 345 214 17 13
102 600 186 119 29
102 493 165 77 30
102 189 157 94 34
102 342 154 87 34
102 106 9 25 11
103 116 386 19 15
103 286 340 229 32
103 646 337 55 27
103 1 330 68 39
103 258 315 20 13
103 342 302 82 30
103 479 295 61 32
103 39 261 96 37
103 198 242 34 17
103 1 235 59 60
103 562 233 25 23
103 494 224 13 11
103 348 217 13 11
103 678 216 30 14
103 598 187 121 28
103 492 166 76 29
103 191 157 92 37
103 343 156 86 34
103 106 11 24 11
104 287 341 228 32
104 645 339 54 25
104 1 329 70 40
104 260 307 20 21
104 344 303 81 30
104 479 296 61 31
104 43 263 99 34
104 211 247 21 9
104 1 238 64 59
104 561 234 25 26
104 493 224 14 11
104 349 220 13 10
104 596 189 123 41
104 492 167 73 30
104 192 161 92 35
104 344 157 86 34
104 105 16 29 10
105 291 354 107 19
105 399 340 118 30
105 641 336 57 28
105 1 331 76 38
105 262 306 23 25
105 347 304 79 29
105 481 297 59 31
105 1 238 146 59
105 561 235 26 28
105 494 225 13 11
105 350 222 17 11
105 596 189 123 42
105 493 168 72 30
105 194 165 92 32
105 348 159 85 34
105 112 19 25 9
106 128 385 21 18
106 293 340 224 32
106 639 336 58 27
106 1 328 82 41
106 265 306 21 22
106 349 303 79 28
106 482 295 59 31
106 1 238 156 61
106 563 235 24 26
106 494 225 16 11
106 353 221 15 11
106 596 189 123 41
106 494 168 72 30
106 199 165 90 32
106 350 160 85 34
106 117 19 25 10
107 128 385 22 21
107 294 355 104 17
107 399 340 118 29
107 641 336 54 28
107 1 329 82 41
107 265 306 23 25
107 350 302 77 30
107 481 298 59 29
107 1 268 43 30
107 206 246 35 15
107 1 240 156 57
107 561 235 24 28
107 494 225 19 13
107 354 221 14 13
107 596 191 122 39
107 494 168 70 31
107 200 166 91 33
107 352 163 83 31
107 114 21 29 11
108 134 386 17 15
108 296 340 220 33
108 639 337 55 27
108 1 331 84 38
108 265 305 25 27
108 350 304 77 29
108 481 299 59 28
108 216 248 26 11
108 1 241 159 58
108 561 238 23 24
108 494 227 16 11
108 354 222 17 12
108 595 191 119 43
108 494 170 71 31
108 353 166 80 29
108 202 166 91 34
108 118 24 29 12
108 654 1 36 5
109 135 385 20 16
109 297 339 219 33
109 634 336 58 27
109 1 328 90 41
109 269 307 22 22
109 352 303 77 28
109 481 298 59 28
109 223 248 22 11
109 1 239 164 58
109 561 237 22 24
109 494 226 26 12
109 355 221 18 14
109 594 191 119 42
109 493 171 73 30
109 205 167 90 33
109 354 166 81 30
109 124 26 25 10
109 607 1 83 10
110 139 385 15 10
110 1 349 10 15
110 643 339 46 22
110 299 339 216 31
110 1 326 90 40
110 275 318 15 9
110 352 302 76 28
110 481 297 59 29
110 1 268 49 28
110 64 264 106 33
110 214 245 33 14
110 1 238 82 24
110 559 235 23 29
110 494 225 18 13
110 355 222 19 12
110 594 191 116 42
110 493 171 72 30
110 355 165 80 31
110 206 165 90 35
110 126 26 27 11
110 595 1 95 12
111 139 385 16 10
111 1 349 10 15
111 298 339 216 31
111 634 336 50 26
111 1 326 91 40
111 272 312 19 16
111 351 303 77 28
111 480 299 58 27
111 1 268 51 27
111 62 262 106 34
111 214 246 33 14
111 557 238 25 26
111 1 238 83 26
111 494 227 13 10
111 378 225 16 8
111 355 222 19 13
111 592 195 114 38
111 493 173 70 29
111 206 166 90 34
111 355 165 79 31
111 127 26 28 11
111 563 1 125 16
112 142 385 15 11
112 1 349 15 15
112 299 339 215 32
112 633 338 51 25
112 1 326 93 40
112 274 308 20 20
112 353 303 74 28
112 480 297 57 30
112 1 269 56 27
112 220 248 25 10
112 556 240 25 24
112 1 238 172 67
112 494 228 12 10
112 355 223 29 12
112 591 196 112 34
112 493 174 69 28
112 209 167 88 34
112 355 166 80 31
112 128 27 27 10
112 528 1 157 18
113 145 383 15 12
113 1 349 17 15
113 633 339 51 23
113 301 339 213 31
113 1 326 97 40
113 274 307 22 21
113 353 303 77 27
113 481 297 56 29
113 61 263 114 34
113 219 248 31 11
113 557 240 23 24
113 1 238 88 57
113 494 228 13 12
113 359 223 17 12
113 591 197 111 33
113 493 175 69 27
113 211 167 89 35
113 356 166 81 31
113 128 28 30 11
113 525 1 161 19
114 150 384 10 11
114 1 349 19 15
114 633 339 49 23
114 304 339 210 31
114 1 326 100 40
114 278 318 18 10
114 354 304 76 26
114 481 298 57 28
114 1 267 61 30
114 233 250 17 8
114 556 240 24 23
114 1 238 174 65
114 494 228 12 11
114 359 223 18 12
114 590 198 112 35
114 493 176 69 28
114 214 167 87 35
114 358 166 80 32
114 130 29 29 10
114 522 1 164 20
115 634 339 49 23
115 306 339 209 30
115 1 327 103 39
115 282 315 14 11
115 355 303 75 27
115 481 299 57 27
115 558 239 23 26
115 1 237 177 60
115 361 224 16 11
115 592 198 110 35
115 494 177 69 27
115 216 168 88 34
115 360 167 80 32
115 132 29 29 12
115 521 1 164 21
116 153 380 17 15
116 1 343 25 21
116 635 339 49 23
116 309 338 207 30
116 1 323 105 41
116 283 315 16 11
116 360 303 74 27
116 483 298 57 28
116 78 263 103 32
116 560 240 22 24
116 1 238 98 57
116 366 223 14 12
116 593 199 109 33
116 497 176 67 27
116 219 168 87 34
116 362 167 80 32
116 136 29 31 13
116 525 1 163 23
117 154 380 18 14
117 309 338 207 30
117 633 336 51 26
117 1 323 107 40
117 284 315 19 13
117 360 304 75 26
117 484 297 56 29
117 78 262 103 32
117 229 246 27 12
117 560 240 22 24
117 1 237 100 58
117 366 223 19 12
117 592 199 110 36
117 498 177 67 27
117 221 169 87 33
117 365 167 78 32
117 141 29 31 13
117 527 1 161 23
117 471 1 33 4
118 311 339 207 29
118 634 336 50 28
118 1 322 110 42
118 288 318 15 8
118 361 304 74 26
118 486 299 54 29
118 79 262 107 33
118 561 242 22 24
118 1 236 103 59
118 368 224 17 12
118 593 201 109 38
118 499 179 67 28
118 366 168 78 32
118 223 168 86 34
118 144 31 28 11
118 528 1 160 27
118 448 1 60 9
119 641 342 43 22
119 313 339 207 29
119 1 323 115 40
119 294 316 12 11
119 366 304 72 27
119 488 300 55 28
119 562 245 22 23
119 1 236 187 59
119 371 225 15 11
119 593 202 110 39
119 501 179 68 29
119 227 171 85 31
119 368 168 77 34
119 149 32 27 10
119 531 1 159 30
119 422 1 87 11
120 168 381 11 10
120 639 341 46 23
120 316 340 205 28
120 1 323 118 40
120 292 315 17 13
120 366 305 75 26
120 491 300 55 28
120 88 262 108 32
120 1 262 80 33
120 563 245 23 23
120 1 238 111 28
120 373 225 18 12
120 594 202 109 39
120 504 179 65 29
120 229 172 86 32
120 372 170 76 32
120 155 34 25 9
120 533 1 159 32
120 411 1 100 13
121 167 380 16 14
121 640 343 46 22
121 317 340 205 29
121 1 323 121 40
121 291 308 22 21
121 368 305 74 27
121 492 300 54 28
121 91 262 107 33
121 246 250 20 7
121 563 245 24 22
121 1 238 113 57
121 374 225 17 13
121 595 202 108 31
121 504 181 66 30
121 233 173 86 32
121 373 171 76 31
121 157 34 25 10
121 535 1 157 33
121 402 1 110 15
122 651 345 36 22
122 320 341 203 28
122 1 322 125 41
122 297 318 17 10
122 371 306 73 27
122 492 302 56 27
122 566 246 21 20
122 1 237 198 58
122 378 226 13 11
122 594 205 109 38
122 506 181 66 31
122 376 173 75 30
122 236 173 84 32
122 160 35 25 10
122 536 1 156 36
122 401 1 112 16
123 642 344 47 23
123 323 342 204 27
123 1 321 126 42
123 298 307 19 21
123 373 305 73 30
123 494 303 56 28
123 569 247 20 23
123 1 237 198 58
123 380 229 11 9
123 599 207 106 38
123 510 183 66 30
123 240 175 83 31
123 378 173 76 31
123 167 37 23 10
123 539 1 156 37
123 400 1 117 17
123 373 1 21 5
124 177 380 16 11
124 327 355 94 15
124 640 341 50 27
124 422 341 106 28
124 1 323 131 40
124 304 321 15 6
124 377 306 71 29
124 498 304 54 28
124 571 247 21 25
124 1 238 203 57
124 384 228 12 10
124 600 207 108 40
124 512 184 64 30
124 382 176 75 29
124 242 176 83 31
124 173 38 22 9
124 541 3 156 36
124 355 1 165 18
125 178 379 18 12
125 640 344 51 23
125 329 341 201 28
125 1 321 133 41
125 304 309 20 20
125 378 306 72 28
125 499 305 54 26
125 573 247 20 25
125 1 238 205 57
125 386 228 14 11
125 601 208 107 38
125 515 184 63 30
125 246 179 82 28
125 384 177 75 29
125 170 37 31 11
125 544 3 155 38
125 350 1 173 20
126 183 378 16 13
126 650 345 42 22
126 332 341 201 28
126 1 321 138 40
126 379 306 72 28
126 501 304 55 25
126 574 248 21 22
126 1 237 209 58
126 389 228 11 11
126 602 207 106 39
126 517 184 63 30
126 247 178 83 29
126 386 176 75 30
126 173 38 28 11
126 546 3 154 38
126 350 1 175 20
127 653 346 42 20
127 335 341 200 27
127 1 321 144 39
127 385 306 70 27
127 504 304 54 25
127 577 247 23 24
127 1 235 218 60
127 607 207 104 38
127 518 184 64 29
127 389 177 76 28
127 251 176 83 30
127 179 39 27 10
127 548 3 153 38
127 353 1 175 20
128 657 346 40 20
128 337 341 201 26
128 1 319 148 42
128 317 318 13 8
128 389 305 69 26
128 510 303 51 25
128 579 246 23 23
128 1 235 220 60
128 609 207 105 37
128 522 184 65 29
128 394 176 74 29
128 255 176 82 29
128 183 38 27 11
128 551 4 152 37
128 355 1 175 22
129 198 376 11 8
129 656 344 42 22
129 339 340 201 27
129 1 320 150 39
129 315 315 20 13
129 389 305 71 26
129 512 302 50 26
129 582 247 22 24
129 1 235 222 59
129 611 207 103 37
129 523 184 65 29
129 396 176 74 29
129 259 174 82 31
129 185 39 29 9
129 553 4 153 38
129 359 1 174 21
130 667 345 34 20
130 343 339 199 28
130 1 320 156 38
130 394 304 67 27
130 513 302 52 25
130 584 246 22 25
130 1 233 225 62
130 614 207 104 38
130 526 183 65 31
130 399 174 74 29
130 263 173 83 32
130 193 39 24 9
130 556 5 152 37
130 361 1 174 21
131 661 343 43 21
131 348 339 198 28
131 1 319 162 38
131 399 303 69 27
131 515 301 55 26
131 587 246 23 22
131 8 233 219 61
131 620 207 99 37
131 531 183 66 31
131 404 173 73 29
131 268 173 83 31
131 200 39 22 9
131 561 5 152 37
131 366 1 174 21
132 664 344 42 20
132 352 339 198 28
132 1 318 168 39
132 402 303 68 27
132 519 302 54 25
132 590 246 22 23
132 16 234 222 60
132 620 207 99 39
132 535 184 63 30
132 408 180 73 24
132 272 174 81 32
132 209 39 17 9
132 564 5 153 37
132 371 1 173 21
133 666 344 44 20
133 356 338 197 29
133 8 318 165 39
133 405 304 69 26
133 523 302 53 25
133 595 246 22 25
133 20 234 225 60
133 623 207 96 39
133 538 184 62 30
133 412 179 73 25
133 276 178 81 28
133 214 40 14 9
133 567 5 152 39
133 373 1 175 23
134 677 344 36 20
134 360 338 196 29
134 16 318 162 39
134 410 303 66 26
134 527 302 52 26
134 597 247 23 23
134 29 235 219 58
134 688 234 25 9
134 628 207 91 25
134 540 186 64 28
134 417 179 72 26
134 281 178 79 29
134 218 42 14 8
134 570 6 149 38
134 378 1 174 23
135 685 344 34 20
135 366 339 195 28
135 86 322 17 7
135 24 321 161 36
135 414 304 67 25
135 532 302 52 24
135 602 246 21 23
135 35 234 216 61
135 635 207 84 39
135 545 187 65 26
135 421 179 73 26
135 285 178 82 30
135 216 41 24 11
135 573 6 146 38
135 382 1 173 25
136 697 346 19 15
136 372 339 194 25
136 33 321 160 35
136 420 304 62 26
136 535 301 54 26
136 605 246 23 24
136 42 236 205 61
136 641 206 78 40
136 549 186 64 29
136 425 181 72 26
136 291 179 82 29
136 578 8 141 36
136 330 4 30 7
136 445 1 114 26
136 385 1 56 17
137 378 338 192 26
137 49 333 150 22
137 425 303 65 27
137 538 301 55 25
137 611 247 21 21
137 49 234 218 62
137 642 206 77 37
137 554 185 64 30
137 430 179 73 28
137 296 179 82 30
137 582 8 137 36
137 332 4 34 10
137 452 1 112 27
137 391 1 52 16
138 383 338 192 26
138 48 333 158 24
138 428 304 66 25
138 545 302 52 23
138 614 246 22 23
138 57 235 216 60
138 648 207 71 34
138 558 186 63 29
138 436 182 73 25
138 303 181 79 28
138 587 7 132 37
138 336 4 35 12
138 396 1 173 27
139 386 338 193 26
139 57 323 158 31
139 435 303 64 26
139 550 300 52 26
139 620 248 20 21
139 63 234 215 61
139 652 206 67 37
139 563 186 62 29
139 308 181 80 29
139 441 180 71 27
139 247 51 16 6
139 592 7 127 38
139 340 4 36 12
139 402 1 172 28
140 394 338 190 25
140 68 323 152 30
140 70 321 24 9
140 442 303 62 25
140 554 300 52 26
140 626 247 19 19
140 72 235 212 57
140 660 207 59 36
140 569 187 64 27
140 446 182 71 25
140 314 181 81 28
140 255 50 16 8
140 596 7 123 37
140 347 5 35 11
140 408 1 169 29
141 402 337 187 26
141 72 318 153 36
141 446 302 67 26
141 555 300 58 27
141 629 247 22 22
141 80 235 212 58
141 664 207 55 34
141 574 189 64 26
141 451 181 71 26
141 320 181 81 28
141 263 51 15 6
141 602 7 117 37
141 353 5 36 12
141 412 1 172 29
142 428 348 44 8
142 481 337 110 25
142 80 318 152 32
142 453 302 63 25
142 561 300 56 28
142 638 250 15 11
142 86 235 202 57
142 666 207 53 26
142 579 188 64 29
142 457 181 73 26
142 327 180 78 28
142 607 8 112 37
142 358 5 36 11
142 418 1 171 30
143 413 348 46 8
143 463 346 14 10
143 480 336 120 26
143 86 315 154 35
143 456 301 69 27
143 561 300 61 26
143 642 248 17 21
143 93 234 209 58
143 673 207 46 25
143 585 187 61 27
143 464 180 74 26
143 332 179 80 30
143 613 7 106 36
143 367 5 35 11
143 425 1 171 29
144 497 336 109 25
144 103 334 16 11
144 125 326 54 22
144 179 319 65 28
144 578 302 46 22
144 463 302 61 24
144 101 233 209 57
144 678 208 41 23
144 589 188 63 26
144 339 180 80 27
144 468 179 73 27
144 618 7 101 36
144 373 5 34 11
144 431 1 169 30
145 424 334 187 26
145 101 312 153 38
145 466 301 67 25
145 579 297 55 26
145 652 248 16 16
145 109 232 206 59
145 682 207 37 24
145 597 189 62 24
145 474 181 72 24
145 345 180 79 27
145 624 7 95 35
145 378 5 35 11
145 436 1 169 28
146 425 334 190 24
146 106 313 154 36
146 585 300 51 22
146 471 300 67 23
146 654 246 20 19
146 114 233 208 58
146 685 211 34 16
146 602 189 59 23
146 481 181 69 21
146 350 181 77 23
146 628 7 91 32
146 384 4 34 11
146 442 1 168 28
147 428 334 190 24
147 110 313 154 35
147 589 301 49 21
147 474 300 66 23
147 656 246 22 18
147 121 233 203 58
147 686 209 33 16
147 605 187 59 25
147 355 186 75 18
147 484 182 72 20
147 297 50 16 7
147 632 6 87 33
147 387 4 35 12
147 446 1 168 27
148 432 333 190 25
148 115 313 152 33
148 594 301 47 20
148 480 299 64 24
148 661 246 18 18
148 125 233 206 58
148 690 210 29 15
148 608 188 58 24
148 358 183 77 21
148 488 180 72 22
148 303 50 15 7
148 635 6 84 33
148 389 4 36 12
148 449 1 168 28
149 440 331 188 26
149 124 314 150 32
149 486 299 57 23
149 597 297 48 26
149 664 244 21 22
149 131 233 204 58
149 695 211 24 12
149 611 184 59 27
149 363 178 78 25
149 492 177 71 25
149 306 50 16 8
149 638 6 81 33
149 394 4 36 12
149 454 1 167 28
150 446 331 186 24
150 131 315 151 30
150 604 300 44 21
150 492 298 55 24
150 138 233 200 58
150 617 186 59 24
150 496 177 70 25
150 368 176 80 27
150 642 7 77 28
150 401 4 34 12
150 458 1 167 27
151 481 329 156 25
151 195 320 96 23
151 608 299 47 21
151 499 298 57 21
151 146 233 195 56
151 622 184 60 27
151 502 178 71 24
151 373 176 78 27
151 647 7 72 27
151 406 5 31 11
151 464 1 166 27
152 491 329 152 25
152 151 317 145 27
152 506 298 56 20
152 616 295 46 23
152 686 242 12 14
152 155 233 184 55
152 629 184 59 24
152 511 179 71 23
152 381 177 79 26
152 654 8 65 26
152 412 5 35 11
152 471 1 165 26
153 468 342 16 7
153 515 341 15 8
153 533 331 116 24
153 160 318 144 27
153 510 300 57 21
153 620 299 42 20
153 687 241 15 20
153 161 234 183 55
153 632 185 59 25
153 515 179 71 23
153 387 178 78 25
153 660 6 59 29
153 420 4 33 12
153 476 1 165 28
154 499 331 159 26
154 199 318 117 29
154 630 302 40 19
154 520 299 63 22
154 175 235 180 57
154 643 191 57 21
154 525 184 69 21
154 399 183 74 24
154 343 56 15 7
154 666 7 53 30
154 431 6 28 15
154 485 1 165 32
155 498 331 160 26
155 199 318 117 29
155 630 302 40 19
155 522 301 59 21
155 175 235 180 57
155 643 191 57 21
155 525 184 69 21
155 399 183 74 24
155 666 7 53 30
155 431 6 28 15
155 485 1 165 32
156 558 332 105 25
156 218 319 105 28
156 528 305 53 19
156 638 304 39 17
156 183 237 178 55
156 649 191 57 23
156 533 186 69 21
156 404 184 76 25
156 670 10 49 28
156 437 6 28 18
156 491 3 164 31
156 316 3 22 7
157 251 335 12 9
157 569 332 99 25
157 270 321 60 25
157 538 305 47 19
157 644 302 38 19
157 192 238 178 54
157 654 191 57 23
157 538 184 70 24
157 412 184 74 26
157 677 11 42 28
157 438 5 38 20
157 497 3 164 32
157 214 1 136 13
158 493 331 180 26
158 194 317 141 34
158 537 306 59 17
158 644 303 45 18
158 709 246 10 18
158 199 238 190 54
158 658 194 57 19
158 542 189 68 18
158 417 189 73 22
158 680 11 39 28
158 501 3 165 33
158 421 1 58 25
158 180 1 175 15
159 256 335 20 12
159 522 331 154 26
159 282 321 55 26
159 542 305 50 18
159 648 301 44 20
159 710 243 9 26
159 204 243 190 50
159 661 191 54 22
159 546 187 66 21
159 421 186 73 25
159 367 63 15 7
159 683 11 36 29
159 503 4 165 33
159 420 1 61 25
159 178 1 180 16
160 520 331 162 25
160 211 319 135 28
160 545 302 55 20
160 651 300 48 22
160 211 241 189 51
160 666 191 53 22
160 551 186 68 23
160 425 184 74 27
160 687 12 32 27
160 507 4 164 33
160 431 2 56 25
160 181 1 181 16
161 506 331 178 26
161 214 318 138 33
161 548 305 57 18
161 656 301 46 19
161 217 241 188 52
161 671 194 48 18
161 558 189 63 18
161 431 189 73 23
161 690 13 29 26
161 513 5 162 32
161 427 4 63 23
161 188 1 181 17
162 512 331 175 26
162 219 318 137 33
162 552 304 59 19
162 660 302 43 17
162 222 243 186 50
162 673 193 46 19
162 560 189 64 18
162 435 189 73 23
162 382 64 12 9
162 694 13 25 27
162 515 6 163 33
162 431 5 63 23
162 193 1 181 18
162 118 1 52 5
163 517 328 173 27
163 224 318 136 31
163 665 302 39 16
163 556 302 56 21
163 227 243 185 51
163 675 189 44 23
163 563 187 66 20
163 438 186 74 26
163 384 65 15 8
163 695 14 24 25
163 520 6 159 33
163 443 6 58 23
163 196 1 182 19
163 76 1 99 7
164 518 328 176 26
164 229 317 137 34
164 667 302 42 19
164 562 302 53 21
164 234 243 183 51
164 678 191 41 21
164 445 189 72 23
164 567 187 65 20
164 389 65 13 8
164 702 22 11 12
164 448 8 56 22
164 524 6 160 33
164 204 1 178 20
164 71 1 112 12
165 522 329 176 27
165 237 318 134 33
165 565 304 53 19
165 671 302 42 19
165 240 245 183 50
165 684 191 35 22
165 448 190 70 22
165 572 186 64 23
165 707 22 12 17
165 460 10 48 22
165 526 8 161 32
165 208 1 181 23
165 1 1 184 14
166 526 331 175 25
166 242 318 135 33
166 569 306 51 17
166 674 302 38 16
166 245 245 176 50
166 688 191 31 22
166 453 191 72 23
166 576 187 63 23
166 709 21 10 20
166 466 10 45 24
166 531 9 159 32
166 215 1 179 23
166 1 1 189 15
167 536 329 169 28
167 252 317 130 34
167 579 306 46 18
167 677 302 42 20
167 250 246 175 49
167 692 198 27 16
167 582 189 62 21
167 456 189 74 25
167 713 26 6 15
167 536 11 157 31
167 463 11 54 24
167 221 1 178 25
167 1 1 195 17
168 540 331 170 25
168 286 318 103 32
168 685 306 34 13
168 585 306 45 18
168 258 245 170 51
168 697 197 22 18
168 463 190 72 24
168 584 185 67 26
168 542 11 156 33
168 468 11 56 25
168 227 1 176 27
168 15 1 188 18
169 544 331 171 25
169 263 316 131 34
169 587 306 49 17
169 689 304 30 14
169 264 246 174 49
169 702 199 17 13
169 468 191 72 23
169 591 188 65 24
169 548 13 154 32
169 472 11 57 26
169 234 1 177 28
169 88 1 120 18
169 27 1 52 14
170 546 331 173 25
170 268 316 132 35
170 591 306 47 17
170 694 305 25 12
170 270 246 178 49
170 706 202 13 10
170 472 191 71 23
170 597 190 62 20
170 551 13 156 32
170 476 12 57 25
170 240 1 175 28
170 31 1 184 18
171 548 331 171 27
171 273 316 130 35
171 697 306 22 12
171 591 305 54 21
171 274 246 171 49
171 477 196 71 18
171 600 192 62 20
171 556 14 155 32
171 474 11 60 28
171 245 1 176 29
171 100 1 120 20
171 38 1 56 18
172 553 331 166 26
172 277 317 131 34
172 698 307 21 14
172 595 305 58 21
172 281 246 175 50
172 481 197 72 19
172 605 193 61 19
172 560 16 154 31
172 473 10 67 30
172 250 2 175 30
172 1 2 14 16
172 106 1 121 20
172 44 1 53 18
173 557 331 162 26
173 282 317 130 35
173 702 310 17 10
173 599 305 55 21
173 285 248 172 48
173 484 198 72 18
173 607 194 61 18
173 562 16 156 32
173 481 12 65 30
173 252 3 175 31
173 46 1 185 22
173 1 1 20 18
174 561 332 158 25
174 288 316 129 35
174 603 305 51 23
174 288 247 172 48
174 488 196 72 20
174 609 191 63 22
174 567 17 152 33
174 494 16 55 26
174 257 3 175 31
174 51 1 186 22
174 1 1 27 20
175 564 332 155 24
175 293 316 129 34
175 610 307 44 18
175 294 246 174 53
175 493 196 71 19
175 615 192 62 21
175 499 17 53 25
175 571 16 148 34
175 1 7 33 10
175 263 3 175 31
175 58 1 184 22
176 567 333 152 24
176 296 316 130 34
176 610 305 49 22
176 516 256 11 8
176 297 246 174 49
176 497 197 71 19
176 619 191 60 22
176 501 17 55 25
176 575 16 144 34
176 1 6 39 12
176 268 3 175 31
176 65 1 183 22
177 574 333 145 24
177 304 315 127 34
177 615 305 48 22
177 520 255 13 8
177 305 245 167 50
177 502 191 73 27
177 625 190 60 24
177 514 18 46 23
177 580 17 139 33
177 11 8 34 10
177 273 4 174 30
177 70 1 184 22
178 583 332 136 24
178 368 322 70 24
178 627 306 40 20
178 310 246 153 49
178 507 191 75 27
178 630 189 61 25
178 587 17 132 33
178 513 16 57 27
178 21 9 31 7
178 281 4 172 30
178 79 1 184 23
179 592 333 127 22
179 371 319 75 28
179 632 304 44 21
179 318 246 153 49
179 515 191 73 28
179 637 190 60 24
179 594 17 125 33
179 516 15 59 29
179 31 7 32 12
179 289 5 172 29
179 88 3 49 15
179 167 1 103 23
180 669 333 50 23
180 327 318 124 31
180 639 306 43 17
180 326 246 163 49
180 522 195 71 23
180 645 191 58 24
180 599 18 120 32
180 523 17 56 27
180 40 7 28 13
180 296 5 172 30
180 95 1 181 24
181 671 333 48 22
181 404 327 52 17
181 654 314 20 7
181 332 249 158 46
181 525 191 77 30
181 650 189 59 26
181 605 18 114 32
181 521 13 66 30
181 47 7 28 14
181 301 6 171 30
181 100 1 182 25
182 658 334 61 20
182 396 333 13 9
182 411 325 53 20
182 655 308 32 15
182 342 247 157 46
182 535 191 74 27
182 656 189 63 24
182 612 18 107 30
182 538 16 57 27
182 54 8 29 15
182 309 6 170 29
182 214 3 75 23
182 110 2 42 18
183 627 341 55 8
183 688 334 31 17
183 355 316 125 30
183 674 309 23 9
183 354 245 164 47
183 674 190 45 22
183 547 190 74 25
183 627 17 92 27
183 557 17 51 25
183 71 8 29 13
183 324 6 170 28
183 124 1 180 25
184 627 341 55 8
184 688 334 31 18
184 355 316 125 30
184 674 308 23 10
184 354 245 164 47
184 548 190 73 25
184 674 189 45 23
184 627 17 92 27
184 557 17 51 25
184 71 8 29 13
184 324 5 170 29
184 124 1 180 25
185 634 333 85 18
185 359 316 129 30
185 361 243 166 49
185 553 191 75 24
185 679 190 40 20
185 633 16 86 26
185 564 16 52 24
185 73 6 35 14
185 330 3 170 29
185 131 1 179 23
186 660 335 59 16
186 366 315 128 31
186 366 243 166 49
186 685 191 34 19
186 561 191 72 24
186 639 16 80 25
186 564 14 56 25
186 335 3 171 28
186 77 3 37 17
186 136 1 180 22
187 641 341 32 9
187 683 340 30 9
187 373 314 125 30
187 373 241 168 51
187 567 190 71 23
187 692 189 27 18
187 643 15 76 25
187 569 8 55 30
187 341 3 171 27
187 81 3 35 16
187 140 1 180 21
188 646 341 22 8
188 380 315 124 27
188 378 243 162 48
188 572 189 74 25
188 697 188 22 19
188 649 14 70 24
188 564 13 66 24
188 85 4 36 15
188 345 2 171 27
188 145 1 179 21
189 433 330 21 8
189 457 323 55 19
189 384 241 162 51
189 702 189 17 15
189 579 186 73 26
189 656 13 63 24
189 585 13 53 23
189 91 4 38 14
189 351 2 169 26
189 151 1 179 20
190 391 315 129 29
190 389 239 169 53
190 585 186 73 25
190 661 11 54 23
190 589 11 55 23
190 97 2 37 16
190 357 1 171 26
190 157 1 178 20
191 444 321 81 21
191 397 238 172 54
191 590 185 75 26
191 601 11 47 22
191 666 10 53 24
191 102 5 35 13
191 363 1 171 25
191 163 1 178 20
192 430 317 105 26
192 404 238 171 53
192 598 186 74 24
192 673 10 46 22
192 607 10 49 22
192 109 4 34 14
192 371 1 169 24
192 170 1 176 19
193 420 315 120 26
193 610 248 26 9
193 410 236 171 56
193 605 184 72 24
193 682 8 37 23
193 610 7 54 24
193 115 3 36 14
193 378 1 169 23
193 176 1 177 18
194 264 284 22 13
194 526 269 22 12
194 459 242 42 17
194 612 184 73 26
194 630 11 39 19
194 688 8 31 22
194 128 6 29 10
194 386 1 168 22
194 244 1 116 18
194 183 1 49 15
195 483 325 73 15
195 427 246 160 45
195 620 183 75 27
195 697 11 22 18
195 638 11 39 18
195 391 1 171 23
195 252 1 116 18
195 192 1 38 15
196 447 318 118 26
196 433 249 158 44
196 629 185 71 24
196 705 8 14 21
196 139 7 31 9
196 628 6 57 23
196 399 1 170 23
196 258 1 118 19
196 197 1 55 17
197 517 326 53 16
197 440 243 151 49
197 634 185 73 24
197 712 10 7 19
197 635 7 55 24
197 148 7 30 12
197 403 1 172 23
197 201 1 180 20
198 551 269 32 16
198 640 184 77 26
198 648 9 47 22
198 153 7 29 15
198 411 1 171 23
198 208 1 181 22
199 294 295 20 18
199 651 184 68 26
199 657 11 45 20
199 154 6 36 18
199 417 1 171 24
199 216 1 179 22
200 304 292 33 23
200 581 270 22 13
200 661 184 58 26
200 679 13 27 14
200 152 5 49 19
200 227 4 37 18
200 336 3 68 18
200 426 1 172 26
201 533 319 77 28
201 304 295 38 22
201 475 244 173 51
201 669 184 50 27
201 676 10 42 18
201 171 7 35 18
201 435 2 171 23
201 233 1 181 23
202 539 319 76 29
202 309 295 39 23
202 480 243 168 52
202 676 186 43 22
202 674 6 45 23
202 153 6 62 20
202 440 2 170 22
202 238 1 181 23
203 548 338 15 8
203 572 327 51 22
203 499 319 25 9
203 319 297 35 18
203 489 246 157 50
203 683 188 36 20
203 684 9 35 18
203 174 5 48 19
203 246 2 54 20
203 448 1 170 23
203 322 1 105 22
204 551 323 82 28
204 556 321 14 8
204 497 246 161 51
204 692 191 27 21
204 180 4 49 20
204 252 2 70 21
204 455 1 170 25
204 327 1 108 23
205 558 329 84 23
205 504 251 159 47
205 183 4 52 21
205 462 3 171 25
205 260 3 55 21
205 322 2 120 22
206 579 341 13 8
206 595 334 55 17
206 625 275 20 12
206 523 259 76 35
206 193 5 52 21
206 471 3 170 27
206 268 3 183 22
207 638 338 18 11
207 631 274 28 16
207 353 11 24 10
207 207 6 43 21
207 478 3 170 28
207 382 3 79 26
207 277 3 51 22
208 551 325 119 32
208 531 244 179 61
208 221 6 31 20
208 489 3 170 28
208 388 3 83 24
208 286 3 53 21
209 611 336 66 17
209 644 271 54 23
209 497 5 169 26
209 214 5 58 22
209 295 3 183 24
210 641 335 43 15
210 659 274 32 19
210 229 5 50 18
210 506 4 168 28
210 412 4 70 21
210 305 4 49 19
211 613 333 80 21
211 556 256 163 45
211 248 6 41 18
211 423 5 69 18
211 515 3 168 28
211 320 3 35 18
212 624 333 75 20
212 561 255 158 48
212 264 8 30 13
212 522 2 169 27
212 321 1 181 22
213 633 331 71 21
213 574 247 143 47
213 267 6 34 13
213 528 1 169 28
213 327 1 180 21
214 665 329 47 20
214 610 269 35 20
214 641 248 78 45
214 548 3 157 24
215 596 324 123 30
215 586 244 133 60
215 558 2 161 24
216 669 332 49 18
216 595 245 118 50
216 300 5 31 7
216 561 1 158 25
216 361 1 177 16
217 669 332 49 18
217 595 245 118 50
217 300 5 31 7
217 561 1 158 25
217 361 1 177 16
218 476 2 70 14
218 569 1 150 24
219 509 3 42 15
219 581 1 138 26
220 1 362 38 22
220 628 326 91 35
220 621 248 98 55
220 584 2 135 27
220 443 1 121 20
220 385 1 53 17
221 1 365 41 20
221 632 328 87 34
221 627 252 92 54
221 590 4 129 28
221 389 1 180 23
221 330 1 33 19
222 1 365 54 24
222 631 255 88 52
222 22 187 16 12
222 593 6 126 29
222 335 6 31 18
222 393 1 181 26
223 1 357 51 33
223 657 341 57 20
223 638 256 81 54
223 597 7 122 30
223 340 6 33 20
223 399 3 180 26
224 1 352 79 40
224 652 330 67 32
224 643 254 76 54
224 191 65 13 8
224 603 8 116 29
224 328 5 53 21
224 405 3 180 26
225 1 350 69 40
225 657 336 62 25
225 648 254 71 54
225 609 7 110 29
225 350 5 39 21
225 410 3 179 26
226 1 341 95 47
226 661 326 58 36
226 461 317 29 22
226 654 253 65 52
226 201 63 20 9
226 6 63 22 7
226 614 6 105 30
226 353 5 40 21
226 417 2 180 27
227 116 346 70 31
227 1 337 113 52
227 662 326 57 36
227 458 315 38 28
227 11 311 36 22
227 452 282 16 10
227 86 266 20 10
227 656 254 63 51
227 9 59 25 10
227 619 7 100 28
227 362 7 34 17
227 422 2 178 27
228 1 349 116 41
228 118 347 69 31
228 661 326 58 36
228 9 326 21 7
228 460 316 37 28
228 656 256 63 50
228 26 225 31 17
228 210 62 19 8
228 18 57 19 12
228 619 6 100 33
228 332 2 71 23
228 424 1 176 30
229 1 346 87 44
229 664 323 55 38
229 461 316 37 27
229 88 271 15 8
229 656 253 63 51
229 206 62 24 10
229 10 57 28 13
229 619 6 100 34
229 335 4 69 22
229 425 2 175 31
230 1 349 99 41
230 666 320 53 37
230 468 316 34 23
230 660 252 59 48
230 24 60 17 9
230 620 7 99 31
230 356 4 52 22
230 428 2 175 29
231 1 352 95 40
231 669 316 50 37
231 471 295 49 41
231 662 250 57 48
231 222 63 15 8
231 29 62 14 8
231 623 6 96 31
231 353 4 57 22
231 432 2 173 29
232 1 356 92 36
232 674 316 45 36
232 476 295 49 41
232 664 250 55 47
232 225 65 15 8
232 625 6 94 31
232 352 4 61 24
232 434 2 173 29
233 1 355 114 37
233 679 315 40 35
233 484 308 33 24
233 671 247 48 48
233 628 8 91 29
233 377 8 37 21
233 437 4 173 29
234 1 356 118 39
234 682 315 37 34
234 485 294 48 42
234 674 247 45 47
234 632 6 87 30
234 360 6 56 23
234 443 4 174 28
235 1 356 127 39
235 685 317 34 29
235 490 312 32 21
235 677 246 42 47
235 368 8 57 22
235 634 7 85 30
235 446 6 172 28
236 1 356 127 39
236 685 317 34 29
236 490 312 32 21
236 677 246 42 47
236 368 8 57 22
236 634 7 85 30
236 446 6 172 28
237 1 351 138 43
237 688 313 31 31
237 497 313 18 12
237 679 245 40 46
237 251 69 12 9
237 377 7 54 22
237 637 6 82 31
237 452 5 170 27
238 1 351 144 40
238 689 311 30 32
238 501 311 26 20
238 681 243 38 47
238 641 6 78 29
238 373 6 59 22
238 456 4 167 29
239 13 350 134 38
239 685 241 34 50
239 643 7 75 28
239 392 6 46 23
239 458 5 169 28
240 22 349 134 37
240 699 309 20 31
240 690 241 29 51
240 268 67 18 8
240 649 7 70 27
240 398 6 45 22
240 467 4 166 28
241 29 348 132 38
241 700 310 19 31
241 512 305 28 15
241 692 242 27 50
241 273 68 17 6
241 654 8 65 28
241 402 8 48 20
241 471 6 167 28
242 34 349 139 37
242 702 310 17 31
242 516 306 30 21
242 695 244 24 49
242 656 10 63 29
242 404 9 54 22
242 476 6 165 30
243 42 349 131 36
243 698 246 21 45
243 659 12 60 29
243 417 10 44 23
243 479 6 165 32
244 49 349 131 36
244 713 313 6 26
244 705 248 14 44
244 292 73 15 6
244 665 15 54 27
244 422 11 44 23
244 485 8 164 31
245 57 348 126 37
245 710 249 9 38
245 300 74 14 6
245 670 16 49 26
245 424 12 49 24
245 492 9 163 32
246 62 346 131 39
246 677 19 42 24
246 499 11 162 30
246 413 11 68 25
247 71 345 129 40
247 683 17 36 27
247 430 13 56 23
247 504 11 162 31
248 75 344 131 40
248 687 19 32 27
248 437 14 52 24
248 511 13 159 31
249 85 341 121 39
249 690 20 29 27
249 515 13 160 32
249 435 13 63 25
250 94 343 126 35
250 569 288 40 39
250 157 70 13 8
250 522 14 158 31
250 443 13 62 25
251 103 341 132 37
251 580 289 35 37
251 530 15 158 30
251 453 15 57 24
252 107 341 134 38
252 598 292 17 18
252 351 75 15 9
252 538 16 157 30
252 464 16 56 24
252 377 6 11 9
253 120 341 138 38
253 359 75 14 8
253 1 68 41 14
253 545 16 156 30
253 472 16 55 24
253 382 6 11 10
254 127 341 123 38
254 612 292 18 16
254 1 66 39 20
254 551 17 153 30
254 489 17 41 25
255 132 340 129 39
255 7 70 38 15
255 556 18 155 31
255 481 18 54 25
256 140 340 147 40
256 19 70 32 15
256 562 18 157 31
256 479 13 67 31
257 149 340 142 39
257 384 80 15 6
257 30 73 27 10
257 496 20 55 24
257 569 19 150 31
258 155 340 123 40
258 391 80 14 8
258 34 70 33 16
258 500 21 53 25
258 573 20 146 32
259 160 341 121 39
259 41 73 29 14
259 520 22 37 24
259 579 21 140 31
260 166 344 119 36
260 47 77 26 10
260 505 22 57 25
260 583 21 136 31
261 174 343 119 37
261 407 85 15 6
261 51 75 32 15
261 586 21 133 33
261 508 19 61 29
262 178 341 128 39
262 410 84 18 8
262 61 78 29 11
262 593 21 126 32
262 518 21 56 27
263 1 419 12 13
263 88 418 30 13
263 355 345 27 19
263 184 341 148 39
263 630 307 31 25
263 250 80 13 8
263 66 76 30 13
263 523 23 55 24
263 597 21 122 31
264 129 421 10 9
264 1 418 16 13
264 91 416 29 13
264 186 339 142 40
264 631 307 31 25
264 249 79 19 7
264 70 73 28 15
264 601 21 118 31
264 520 18 62 29
265 191 340 123 37
265 637 295 35 31
265 257 80 16 6
265 73 72 31 16
265 604 22 115 33
265 525 21 61 28
266 11 420 16 9
266 199 340 120 37
266 645 308 21 15
266 80 73 31 14
266 536 23 57 26
266 609 21 110 34
267 111 419 25 10
267 9 419 25 12
267 204 340 121 39
267 644 308 30 24
267 431 84 22 9
267 265 80 20 10
267 85 75 32 14
267 615 22 104 32
267 540 21 57 29
268 21 420 18 11
268 209 341 133 36
268 647 309 27 17
268 432 84 23 9
268 269 80 17 11
268 92 78 28 11
268 545 26 54 25
268 616 24 103 31
269 122 419 26 9
269 24 419 22 13
269 215 341 133 37
269 654 305 28 21
269 277 81 16 10
269 96 77 31 14
269 552 26 50 24
269 620 24 99 30
270 21 419 31 13
270 124 416 30 15
270 384 344 25 20
270 219 341 146 37
270 656 308 29 24
270 443 85 23 11
270 277 82 22 11
270 103 75 29 16
270 560 28 47 23
270 625 26 94 28
271 26 417 28 14
271 127 416 28 14
271 222 340 142 38
271 657 307 30 25
271 444 85 26 11
271 281 82 22 10
271 106 78 31 13
271 558 28 52 23
271 628 27 91 27
272 31 415 26 15
272 132 414 25 14
272 226 339 133 37
272 659 306 31 24
272 448 84 24 12
272 281 80 23 11
272 109 75 30 15
272 630 29 89 26
272 558 26 55 25
272 687 1 30 10
273 40 415 22 14
273 136 413 27 13
273 230 339 145 36
273 664 306 29 25
273 287 80 22 11
273 114 75 30 13
273 574 29 44 21
273 636 28 83 26
274 38 415 29 14
274 138 413 30 13
274 386 340 36 22
274 234 339 144 35
274 665 305 36 27
274 457 84 24 9
274 289 79 27 12
274 118 74 32 16
274 639 27 80 26
274 565 26 56 24
275 38 415 29 15
275 139 413 29 15
275 381 339 48 24
275 235 339 144 36
275 665 305 37 28
275 458 84 26 9
275 291 79 26 12
275 119 72 31 18
275 571 29 50 22
275 641 28 78 26
275 702 2 14 8
276 49 416 18 11
276 239 339 144 35
276 669 302 30 29
276 460 84 24 9
276 292 80 26 11
276 120 70 34 20
276 641 29 78 26
276 571 29 52 23
276 701 2 17 8
277 53 416 21 13
277 150 412 28 13
277 243 339 139 36
277 674 305 28 23
277 467 84 22 9
277 298 80 24 11
277 127 72 32 17
277 644 29 75 24
277 585 29 41 22
278 52 415 28 14
278 153 413 30 14
278 247 339 118 36
278 677 304 31 25
278 469 84 25 9
278 305 80 22 11
278 130 74 33 16
278 649 29 70 23
278 588 29 42 22
279 56 415 26 13
279 158 412 26 14
279 250 338 120 37
279 680 305 30 25
279 472 85 23 8
279 306 80 26 11
279 134 75 32 15
279 653 30 66 22
279 583 29 50 22
280 62 413 29 16
280 160 411 35 15
280 257 338 116 35
280 685 306 30 23
280 478 84 22 8
280 312 80 23 11
280 141 75 30 13
280 657 29 62 23
280 592 29 47 21
281 66 413 27 16
281 165 410 31 15
281 262 338 111 34
281 688 306 29 22
281 481 83 26 10
281 314 80 26 11
281 145 73 33 16
281 592 29 51 21
281 661 28 58 23
282 68 413 27 14
282 170 411 31 13
282 263 337 131 35
282 691 302 28 26
282 484 83 23 10
282 318 79 27 12
282 147 73 33 16
282 663 29 56 22
282 597 29 47 21
283 74 412 29 14
283 171 408 35 18
283 269 336 121 36
283 697 303 22 23
283 320 80 27 11
283 152 74 31 15
283 666 28 49 23
283 600 27 48 23
284 81 413 28 12
284 173 408 54 17
284 273 336 120 35
284 700 305 19 18
284 500 81 15 8
284 329 80 21 8
284 154 71 35 19
284 618 27 33 21
284 671 26 48 24
285 88 411 27 13
285 188 409 28 12
285 279 335 120 35
285 332 79 23 9
285 163 73 31 15
285 676 26 43 23
285 610 25 48 23
286 97 412 24 12
286 196 410 22 9
286 284 336 120 34
286 513 81 12 8
286 340 79 22 9
286 168 72 33 18
286 682 26 35 22
286 609 19 55 28
287 102 411 25 12
287 202 410 22 9
287 291 334 121 35
287 342 78 26 10
287 175 73 32 16
287 687 26 32 22
287 623 26 45 22
288 111 409 23 12
288 201 408 36 13
288 297 333 129 36
288 355 79 18 8
288 181 73 33 15
288 692 26 27 21
288 640 26 32 21
289 112 409 26 14
289 211 408 29 13
289 302 333 121 36
289 358 78 22 10
289 187 71 32 17
289 697 25 22 22
289 630 24 47 23
290 307 334 111 35
290 365 80 15 8
290 191 73 33 17
290 700 26 19 21
290 626 20 56 27
290 553 14 8 11
291 127 410 24 12
291 315 334 115 35
291 201 78 28 10
292 129 411 27 15
292 227 408 31 13
292 319 336 113 34
292 379 80 16 9
292 206 78 31 12
292 633 19 59 28
293 135 413 25 11
293 231 409 30 13
293 320 337 109 33
293 543 83 18 8
293 382 80 19 12
293 209 78 31 13
293 639 23 56 27
294 141 412 24 10
294 237 409 27 12
294 324 336 117 34
294 389 81 12 10
294 212 78 30 13
294 647 24 50 25
295 1 414 14 9
295 152 411 18 10
295 247 409 21 10
295 331 334 115 35
295 218 78 32 13
295 659 26 43 23
296 5 413 16 11
296 159 412 14 8
296 254 410 19 8
296 337 336 113 34
296 226 78 29 12
296 673 27 35 22
297 1 413 28 8
297 155 410 28 12
297 260 409 21 10
297 342 336 111 34
297 234 80 26 11
297 10 79 19 7
297 683 31 30 19
298 166 408 29 12
298 349 333 116 35
298 235 76 35 15
299 182 409 19 10
299 264 406 36 13
299 358 336 102 31
299 247 79 31 12
300 193 411 12 8
300 20 363 28 18
300 366 336 108 34
300 258 80 30 13
301 199 412 13 9
301 29 364 26 16
301 371 337 115 34
301 427 86 21 7
301 264 81 30 14
302 60 413 13 8
302 204 411 19 10
302 292 409 27 10
302 378 336 102 33
302 270 83 36 13
302 42 83 28 12
303 214 411 15 9
303 42 364 28 18
303 386 336 110 33
303 54 84 21 11
303 277 82 33 13
304 217 409 22 11
304 66 409 25 14
304 304 407 29 11
304 1 362 79 20
304 392 334 112 32
304 283 81 33 15
304 58 81 36 14
305 227 408 21 11
305 75 408 24 12
305 304 403 40 16
305 19 359 69 24
305 400 332 110 33
305 291 82 30 10
305 71 82 21 9
306 102 404 11 9
306 332 398 29 13
306 42 351 66 28
306 418 327 116 34
306 80 78 31 13
306 306 75 31 13
307 101 404 13 9
307 332 398 29 13
307 39 351 70 28
307 418 327 116 34
307 80 78 31 13
307 307 75 30 13
308 257 398 9 10
308 44 347 70 28
308 425 326 123 35
308 83 74 35 15
308 315 72 30 14
309 117 398 10 9
309 259 394 17 12
309 49 344 72 26
309 431 319 125 38
309 101 73 20 12
309 324 69 26 13
310 122 396 14 10
310 265 392 17 12
310 53 342 74 27
310 436 318 128 38
310 100 68 28 15
310 328 65 29 13
311 124 395 18 11
311 270 391 16 13
311 358 388 26 13
311 57 341 75 28
311 441 316 120 38
311 103 66 28 15
311 332 62 28 15
312 133 392 14 12
312 273 388 21 13
312 363 386 26 12
312 62 340 76 27
312 1 321 36 24
312 446 315 122 36
312 108 66 26 13
312 337 62 26 12
313 136 390 15 11
313 279 386 21 12
313 368 385 26 10
313 67 339 79 25
313 1 318 43 25
313 450 314 122 35
313 109 62 34 14
313 342 59 26 11
314 145 390 14 12
314 285 386 21 12
314 375 384 27 12
314 78 339 73 26
314 1 320 33 16
314 458 313 119 33
314 123 63 21 12
314 348 60 23 9
315 145 389 18 10
315 286 385 25 13
315 376 383 31 11
315 79 339 76 25
315 1 320 36 18
315 462 310 128 35
315 123 62 27 14
315 355 59 23 10
316 152 390 14 7
316 294 385 20 10
316 381 382 31 11
316 87 339 72 23
316 1 318 54 20
316 467 309 116 35
316 126 62 26 12
316 355 55 27 13
317 159 389 12 8
317 297 385 25 10
317 383 379 33 15
317 91 339 75 23
317 1 318 46 18
317 472 309 122 36
317 131 61 30 12
317 359 52 30 16
318 155 386 23 13
318 299 383 24 12
318 391 379 27 13
318 96 337 74 25
318 1 318 64 21
318 476 307 129 37
318 136 61 27 12
318 365 52 27 15
319 153 386 30 15
319 302 382 26 13
319 395 378 27 13
319 98 337 75 25
319 1 317 51 18
319 643 313 26 15
319 479 308 121 33
319 137 60 30 13
319 366 52 31 13
319 540 47 16 9
320 157 390 26 16
320 304 385 28 13
320 396 382 29 11
320 98 340 76 27
320 1 321 60 19
320 481 309 123 35
320 142 61 27 13
320 371 52 27 14
320 536 47 25 10
321 158 391 28 17
321 304 385 29 16
321 400 384 27 11
321 100 343 75 25
321 1 325 59 16
321 646 312 36 20
321 482 310 121 35
321 574 237 15 6
321 140 62 30 15
321 371 55 28 13
321 538 48 26 12
322 163 391 28 17
322 403 385 27 10
322 309 385 26 14
322 104 342 75 26
322 1 325 70 19
322 487 310 123 35
322 142 62 28 15
322 372 54 30 14
323 166 395 26 14
323 311 388 28 14
323 405 385 29 12
323 107 344 74 26
323 1 326 70 19
323 647 310 42 25
323 492 310 123 35
323 147 63 27 15
323 375 53 32 16
323 541 50 28 10
324 168 398 22 13
324 309 390 28 16
324 404 386 32 13
324 104 346 75 27
324 1 328 57 18
324 490 314 128 35
324 638 310 50 28
324 173 215 16 10
324 149 66 24 14
324 377 55 30 17
324 542 51 27 11
325 178 398 15 10
325 320 391 20 15
325 114 346 68 28
325 1 329 61 13
325 494 314 124 35
325 148 67 26 14
325 376 55 29 16
325 548 52 21 10
326 173 396 26 15
326 321 390 26 14
326 414 385 30 14
326 114 346 74 27
326 1 328 66 18
326 499 313 129 36
326 154 65 29 13
326 384 55 27 15
327 173 398 28 13
327 320 390 29 17
327 417 387 26 14
327 114 348 75 26
327 1 328 65 21
327 666 323 17 10
327 501 314 120 35
327 155 65 29 15
327 386 54 32 18
327 556 51 26 12
328 182 400 18 13
328 355 396 14 10
328 323 392 29 16
328 419 388 29 15
328 115 348 76 27
328 1 329 80 21
328 504 315 116 36
328 157 66 29 14
328 388 55 32 17
328 557 52 25 11
329 188 401 17 12
329 336 395 21 13
329 434 391 14 11
329 124 350 72 26
329 1 332 94 20
329 508 315 117 36
329 154 66 50 17
329 392 55 31 16
330 1 409 13 10
330 186 402 25 14
330 335 395 27 14
330 427 390 32 17
330 128 350 73 29
330 1 332 96 20
330 514 316 116 39
330 170 68 25 14
330 396 55 34 18
331 1 409 16 11
331 189 403 29 15
331 339 396 27 15
331 433 393 28 15
331 132 351 73 28
331 1 333 89 17
331 519 318 114 38
331 399 57 37 17
332 3 411 15 8
332 191 405 28 14
332 348 399 19 13
332 435 397 30 14
332 134 353 74 27
332 1 333 100 21
332 524 321 119 39
332 187 71 14 9
332 404 61 35 14
333 8 410 14 10
333 201 406 23 13
333 355 403 18 8
333 441 398 30 15
333 139 355 75 25
333 1 333 101 21
333 530 325 113 36
333 184 70 24 13
333 414 62 32 14
334 8 408 25 9
334 205 402 27 16
334 357 398 26 13
334 448 397 31 15
334 146 350 71 26
334 1 331 120 22
334 540 324 99 30
334 420 61 33 15
335 21 404 16 9
335 219 400 19 12
335 456 395 33 15
335 154 347 72 27
335 1 327 118 21
335 546 318 119 36
335 204 67 18 7
335 425 59 41 15
336 21 401 25 10
336 224 396 21 13
336 382 395 14 9
336 463 390 36 18
336 162 344 75 25
336 1 323 128 25
336 553 317 120 36
336 206 62 27 11
336 438 57 33 13
337 29 395 28 13
337 394 390 17 8
337 236 390 24 15
337 482 388 25 10
337 173 338 77 28
337 1 317 125 24
337 568 313 120 36
337 227 54 20 13
337 454 47 49 17
338 29 395 28 13
338 394 390 17 8
338 236 390 24 15
338 482 388 25 10
338 173 338 77 29
338 1 317 125 24
338 568 313 120 36
338 227 54 20 13
338 454 47 49 17
339 33 393 29 14
339 400 388 13 10
339 240 388 25 16
339 490 387 21 10
339 179 337 76 26
339 1 315 127 24
339 573 313 120 36
339 230 51 22 14
339 462 44 35 16
340 40 389 29 12
340 404 386 21 11
340 245 386 28 14
340 502 385 19 10
340 183 333 80 28
340 8 313 134 23
340 585 310 106 36
340 243 49 15 9
340 475 44 26 11
341 42 387 29 13
341 499 385 29 12
341 247 385 29 15
341 401 384 28 14
341 193 332 73 27
341 588 310 110 37
341 17 310 121 23
341 242 43 24 12
341 481 41 26 10
342 45 390 24 8
342 498 385 35 15
342 404 385 32 14
342 251 385 39 16
342 193 332 77 28
342 593 312 120 39
342 16 310 127 24
342 245 41 27 12
342 486 39 29 13
343 60 388 22 10
343 255 385 36 16
343 508 384 39 17
343 251 334 14 10
343 605 310 107 36
343 27 310 120 21
343 256 40 23 12
343 494 39 24 11
344 58 385 32 13
344 426 384 24 12
344 267 384 33 14
344 511 383 42 18
344 208 329 78 30
344 610 308 107 39
344 31 307 125 25
344 267 39 21 10
344 499 34 34 16
345 60 385 33 13
345 428 384 28 13
345 266 384 55 15
345 521 383 39 16
345 211 329 80 29
345 615 308 104 38
345 34 307 126 23
345 274 36 20 11
345 510 34 28 13
346 444 387 39 10
346 69 387 25 9
346 522 385 43 16
346 275 385 52 16
346 634 309 66 30
346 41 307 125 22
346 517 34 27 12
346 277 34 22 14
347 74 386 32 15
347 279 385 40 15
347 528 384 61 20
347 440 383 60 18
347 240 345 20 7
347 262 333 44 24
347 637 308 77 34
347 47 307 128 25
347 290 35 15 10
347 527 34 26 11
348 80 388 30 13
348 547 385 35 16
348 448 385 30 16
348 291 385 30 16
348 232 332 77 27
348 638 310 81 41
348 52 309 126 23
348 533 34 28 12
348 296 34 16 13
349 83 390 28 14
349 556 388 26 13
349 455 388 27 14
349 291 387 33 17
349 232 332 83 30
349 643 313 76 40
349 53 308 131 25
349 301 34 18 13
349 536 31 32 18
350 573 393 14 10
350 464 390 24 15
350 90 390 28 16
350 306 389 24 14
350 243 333 79 29
350 650 314 69 41
350 61 309 129 25
350 545 35 31 14
350 307 35 18 12
351 567 392 30 16
351 466 392 29 16
351 93 392 30 15
351 306 389 30 19
351 248 335 79 27
351 655 316 64 41
351 65 311 131 24
351 553 36 31 13
351 314 36 19 12
352 476 395 19 14
352 94 394 32 14
352 311 391 30 17
352 249 337 81 29
352 660 318 59 41
352 65 312 136 25
352 556 38 31 12
352 311 35 28 15
352 1 1 23 9
353 479 397 25 14
353 318 395 26 16
353 98 395 34 16
353 253 339 83 28
353 664 320 55 42
353 73 313 132 25
353 317 38 28 11
353 558 37 35 15
354 584 400 27 15
354 482 398 25 17
354 103 398 33 14
354 321 396 28 17
354 258 341 82 28
354 672 326 47 38
354 76 314 131 25
354 322 39 28 13
354 566 38 34 16
355 585 404 30 15
355 483 403 29 16
355 105 402 30 14
355 324 401 27 17
355 261 343 80 32
355 674 330 45 38
355 78 318 131 25
355 575 46 30 14
355 323 39 32 16
355 1 38 14 9
355 1 1 36 11
356 489 409 26 11
356 337 407 18 12
356 110 403 35 16
356 287 402 22 14
356 270 347 75 28
356 696 336 17 13
356 81 320 134 26
356 579 50 26 12
356 328 42 30 16
356 1 39 16 10
357 504 411 17 11
357 330 408 33 15
357 119 407 25 12
357 292 405 17 19
357 276 349 79 31
357 90 324 134 25
357 584 50 28 14
357 332 45 34 15
357 3 40 19 11
358 509 413 19 15
358 124 410 26 11
358 347 409 21 15
358 281 353 79 29
358 94 325 132 27
358 589 52 31 15
358 343 48 26 14
359 507 414 28 17
359 343 411 32 18
359 127 409 30 14
359 283 354 81 30
359 98 326 134 27
359 594 52 31 16
359 348 50 29 15
360 515 417 24 14
360 348 412 32 19
360 129 412 31 15
360 289 356 82 29
360 101 329 136 25
360 1 234 7 40
360 602 55 28 15
360 352 50 32 17
361 630 423 15 8
361 519 419 24 15
361 356 414 28 17
361 133 413 32 18
361 294 359 81 27
361 106 331 134 26
361 1 268 5 21
361 605 56 31 16
361 356 52 30 16
362 636 422 18 10
362 529 421 21 13
362 370 419 18 12
362 143 416 27 14
362 297 362 83 25
362 111 330 138 28
362 1 234 14 61
362 610 59 29 13
362 363 55 28 15
362 30 47 19 13
363 633 421 28 13
363 530 421 24 13
363 366 417 28 16
363 147 416 29 16
363 301 361 84 26
363 115 330 138 29
363 1 235 15 59
363 614 58 31 15
363 366 55 30 15
363 39 50 16 9
364 546 424 20 15
364 156 420 32 14
364 380 419 25 17
364 315 362 80 28
364 126 337 139 24
364 620 61 36 14
364 375 57 32 16
364 46 52 16 10
365 546 424 20 15
365 156 420 32 14
365 380 419 25 17
365 315 362 80 28
365 126 337 139 24
365 620 61 36 14
365 376 57 31 16
365 46 52 16 10
366 647 426 28 13
366 546 425 27 15
366 381 420 29 17
366 160 420 31 14
366 319 364 81 28
366 133 337 137 24
366 630 62 33 13
366 384 59 30 13
366 50 51 20 12
367 650 426 29 15
367 554 426 20 16
367 389 424 25 15
367 163 420 33 16
367 322 365 81 27
367 137 338 134 24
367 635 63 33 15
367 387 59 33 14
367 57 52 18 10
368 428 431 13 8
368 551 426 31 16
368 389 425 30 15
368 352 421 11 13
368 169 420 32 16
368 329 364 80 29
368 142 337 135 25
368 639 65 33 17
368 394 60 32 14
369 664 429 26 13
369 556 426 32 16
369 398 425 28 15
369 175 420 32 16
369 337 365 78 28
369 150 338 133 24
369 647 68 33 14
369 402 61 29 14
369 73 53 12 8
370 666 430 29 14
370 562 429 30 14
370 399 424 33 18
370 178 421 33 16
370 340 367 80 28
370 152 339 132 23
370 654 69 32 15
370 405 61 31 14
370 76 53 14 10
370 6 14 109 16
370 37 3 63 10
371 671 431 25 12
371 564 429 30 15
371 410 426 24 16
371 183 424 29 13
371 345 367 78 31
371 1 364 7 13
371 156 339 131 25
371 655 70 32 15
371 407 62 31 15
371 77 55 17 10
371 8 3 108 28
372 672 430 30 15
372 570 430 29 15
372 408 427 30 15
372 188 424 30 15
372 348 367 79 31
372 1 364 12 15
372 160 339 134 26
372 659 72 32 14
372 412 62 30 17
372 82 56 15 11
372 11 6 108 25
373 679 432 27 14
373 577 431 28 16
373 412 430 31 15
373 193 426 30 15
373 2 425 18 12
373 353 372 79 29
373 1 364 20 20
373 165 341 134 26
373 663 73 32 13
373 420 66 26 15
373 85 60 18 8
373 21 21 33 10
373 75 6 24 9
373 29 6 30 10
374 580 433 30 15
374 682 431 31 17
374 417 430 32 17
374 199 427 31 15
374 1 422 25 15
374 355 372 82 31
374 1 366 27 19
374 170 341 135 27
374 666 73 31 15
374 420 67 32 16
374 91 61 20 9
374 24 24 67 13
374 37 8 55 8
374 106 7 18 8
375 684 434 29 14
375 582 433 28 16
375 418 431 32 16
375 198 430 33 14
375 1 426 26 13
375 360 374 79 28
375 1 367 28 19
375 173 346 133 24
375 437 228 24 18
375 669 77 32 14
375 424 69 31 17
375 87 62 27 11
375 28 8 107 30
376 582 433 30 17
376 684 432 30 17
376 420 431 34 18
376 201 430 31 14
376 1 427 29 13
376 362 374 80 29
376 1 368 29 20
376 175 346 133 26
376 671 77 30 14
376 424 71 31 15
376 91 63 23 10
376 28 9 109 30
377 690 434 28 16
377 587 434 29 16
377 423 431 33 16
377 204 430 33 14
377 4 427 30 13
377 366 374 79 29
377 1 368 33 22
377 181 347 131 25
377 673 77 28 15
377 427 73 32 13
377 88 62 31 13
377 34 16 104 21
377 38 12 20 12
377 96 11 38 13
378 589 435 29 16
378 689 434 30 17
378 427 431 33 16
378 209 429 33 15
378 10 426 27 13
378 368 374 80 30
378 1 367 37 21
378 183 345 133 27
378 677 78 31 17
378 432 74 29 14
378 92 62 32 13
378 35 11 107 26
379 692 434 27 14
379 592 433 29 14
379 430 430 32 16
379 213 427 32 15
379 18 423 24 14
379 372 374 78 28
379 1 365 40 21
379 188 344 129 25
379 679 80 31 14
379 434 73 32 15
379 100 62 27 13
379 1 12 5 22
379 39 10 108 29
379 202 7 56 37
380 692 434 27 14
380 591 433 30 14
380 432 430 31 16
380 215 426 32 16
380 16 421 28 16
380 374 373 78 28
380 125 372 29 13
380 1 360 43 25
380 189 341 132 27
380 443 228 37 19
380 682 81 31 14
380 442 73 29 14
380 103 62 29 10
380 44 20 107 17
380 1 11 8 19
380 207 9 49 33
380 48 7 101 12
381 694 432 25 15
381 592 432 31 15
381 434 430 32 15
381 217 426 35 16
381 19 422 28 15
381 131 374 24 10
381 377 372 78 30
381 1 355 46 30
381 192 342 131 26
381 682 83 31 13
381 442 74 30 14
381 109 62 27 10
381 1 9 11 24
381 45 7 109 30
382 695 430 24 13
382 597 429 30 14
382 438 426 32 16
382 222 424 32 15
382 22 420 28 14
382 380 369 78 29
382 1 344 52 40
382 196 341 131 25
382 682 81 33 15
382 447 73 27 15
382 111 62 26 9
382 232 26 14 10
382 216 26 15 17
382 49 8 109 29
382 1 8 15 27
383 695 429 24 13
383 596 427 30 15
383 441 425 31 16
383 224 422 31 15
383 27 420 25 14
383 383 367 77 30
383 1 344 54 38
383 199 341 130 23
383 684 80 32 14
383 448 73 28 13
383 115 61 25 9
383 60 21 99 15
383 1 8 17 26
383 216 6 47 31
383 55 6 104 13
384 481 431 12 8
384 607 426 16 11
384 457 426 11 8
384 228 421 34 16
384 385 365 78 30
384 11 362 45 17
384 201 339 131 25
384 684 81 31 14
384 448 73 30 13
384 116 61 27 9
384 239 26 14 9
384 54 20 106 15
384 218 17 16 21
384 1 8 20 27
384 57 6 104 13
385 701 424 18 13
385 604 422 28 15
385 448 420 30 15
385 234 419 31 15
385 40 419 21 10
385 150 367 24 11
385 389 363 78 29
385 1 340 66 40
385 209 338 128 23
385 689 80 24 13
385 453 73 28 11
386 699 421 20 13
386 602 420 30 15
386 449 419 30 15
386 237 418 32 13
386 41 416 27 13
386 147 364 31 15
386 391 363 77 27
386 514 360 19 9
386 1 339 68 41
386 211 334 129 25
386 690 81 29 12
386 456 72 31 14
386 127 59 28 11
386 63 20 107 14
386 69 6 101 13
386 1 3 33 30
387 699 419 20 13
387 603 419 30 14
387 450 416 33 15
387 239 415 33 16
387 55 415 10 9
387 393 362 77 26
387 1 339 72 41
387 213 336 131 23
387 688 80 31 15
387 458 73 28 13
387 132 59 24 10
387 66 20 106 14
387 70 6 101 13
387 1 3 33 30
388 492 421 10 9
388 606 415 29 16
388 700 414 19 16
388 453 413 33 16
388 245 413 31 15
388 395 359 78 26
388 1 336 76 42
388 219 333 127 24
388 689 80 30 13
388 458 70 31 16
388 137 58 22 10
388 123 6 50 13
388 67 6 108 26
388 1 3 35 28
389 701 412 18 12
389 610 412 27 14
389 55 412 24 12
389 458 411 30 14
389 250 411 30 13
389 400 357 76 28
389 1 337 80 40
389 224 332 125 22
389 690 79 29 12
389 461 70 31 15
389 144 57 20 11
389 237 6 35 28
389 71 5 108 29
389 1 4 39 30
390 52 412 36 14
390 609 409 28 14
390 251 409 32 15
390 700 408 19 13
390 457 408 32 16
390 402 356 75 26
390 1 337 84 40
390 227 331 123 23
390 689 79 29 12
390 450 65 44 19
390 144 60 21 10
390 83 22 56 12
390 140 21 43 13
390 78 6 103 13
390 1 6 43 29
391 258 410 28 13
391 619 409 18 10
391 476 409 13 10
391 413 356 68 24
391 232 329 141 25
391 689 79 29 12
391 451 65 44 20
391 152 62 17 7
391 262 24 13 10
391 263 8 15 10
391 2 8 42 25
391 239 6 17 31
391 78 6 105 30
392 503 411 12 9
392 264 408 30 13
392 468 407 32 14
392 615 406 30 13
392 414 354 73 26
392 1 338 98 39
392 238 330 128 24
392 693 78 26 13
392 456 65 43 21
392 147 61 31 12
392 83 11 106 25
392 1 11 49 26
393 267 408 33 13
393 471 407 29 12
393 615 405 30 14
393 414 352 75 28
393 1 338 101 39
393 240 329 123 24
393 694 78 25 13
393 459 68 42 18
393 154 62 24 11
393 89 11 106 28
393 2 11 55 29
394 274 408 27 11
394 620 403 24 13
394 417 351 76 29
394 243 329 125 24
394 694 79 25 12
394 461 69 41 18
394 155 63 28 12
394 4 13 56 29
394 258 11 23 27
394 90 11 106 28
395 84 411 30 12
395 279 406 30 13
395 481 402 26 14
395 624 400 25 13
395 423 349 72 26
395 1 337 113 38
395 251 327 123 27
395 697 79 22 9
395 465 68 41 17
395 159 62 28 13
395 181 14 17 9
395 97 13 105 26
395 14 13 51 28
396 93 410 23 9
396 281 404 31 15
396 484 402 25 13
396 623 398 25 14
396 426 349 70 26
396 1 337 115 38
396 255 328 120 23
396 700 78 19 13
396 481 72 29 14
396 168 62 26 13
396 20 13 48 29
396 100 11 106 29
397 96 410 22 9
397 282 403 30 14
397 484 400 25 13
397 621 398 25 13
397 426 349 71 25
397 1 337 118 37
397 255 328 120 22
397 697 80 22 10
397 468 70 40 16
397 168 63 27 12
397 101 14 105 26
397 20 13 49 28
397 263 10 51 32
398 286 403 26 12
398 493 398 12 10
398 623 397 25 12
398 429 347 70 26
398 1 336 121 38
398 259 327 126 22
398 696 80 23 12
398 468 70 41 16
398 170 63 26 12
398 286 30 10 9
398 264 26 12 9
398 102 13 106 26
398 21 13 49 29
399 292 402 25 11
399 489 396 23 14
399 627 395 25 13
399 433 346 69 26
399 13 335 114 37
399 263 326 122 23
399 699 79 20 13
399 476 70 36 17
399 174 63 27 12
399 268 16 19 23
399 107 13 106 26
399 27 13 51 29
400 109 408 24 9
400 293 400 29 13
400 489 396 28 15
400 625 394 27 14
400 435 345 69 25
400 17 333 115 39
400 269 325 116 21
400 701 80 18 11
400 487 73 30 14
400 178 62 29 14
400 114 14 102 26
400 277 13 10 14
400 32 13 51 29
401 300 403 20 6
401 492 396 24 14
401 627 394 26 14
401 435 345 69 25
401 18 332 116 40
401 273 326 113 21
401 700 81 19 12
401 491 74 27 14
401 183 63 26 13
401 115 14 103 26
401 34 13 51 28
401 275 11 55 36
402 506 397 11 9
402 632 393 24 14
402 483 347 27 19
402 276 323 119 24
402 701 85 17 8
402 499 76 21 12
402 121 16 34 21
402 39 14 51 30
403 309 398 29 12
403 500 395 29 13
403 634 391 27 15
403 447 344 69 24
403 34 328 116 41
403 284 321 116 24
403 508 78 17 8
403 53 16 40 23
404 312 398 28 11
404 502 395 28 13
404 638 392 24 14
404 448 344 69 25
404 41 330 114 38
404 288 322 115 22
404 503 77 27 14
404 210 68 18 7
404 135 16 103 24
404 288 13 67 39
404 55 13 50 29
405 318 397 27 11
405 514 393 17 14
405 638 392 25 14
405 125 346 30 15
405 453 342 69 25
405 291 321 116 23
405 502 78 30 13
405 214 67 19 11
405 319 19 11 11
405 299 17 33 30
405 137 16 104 23
405 59 15 49 28
406 322 396 29 12
406 639 391 29 14
406 512 391 25 16
406 459 343 69 24
406 55 327 113 38
406 298 321 113 22
406 501 76 40 16
406 221 67 19 11
406 65 15 49 28
407 327 396 28 12
407 647 391 25 15
407 515 390 26 18
407 462 342 67 26
407 58 329 115 37
407 303 321 113 23
407 515 78 26 15
407 219 68 25 11
407 307 18 52 32
407 148 16 104 26
407 73 16 46 28
408 331 395 27 13
408 518 391 24 16
408 652 390 23 14
408 465 343 70 24
408 65 328 113 37
408 307 321 117 22
408 508 77 38 17
408 235 70 12 8
408 155 17 101 26
408 79 16 47 28
409 333 396 29 12
409 522 391 24 16
409 651 390 26 15
409 469 343 68 24
409 67 328 114 37
409 310 322 111 20
409 519 81 32 13
409 231 68 22 12
409 159 16 102 28
409 82 16 49 29
410 337 398 26 10
410 524 394 24 14
410 654 392 25 14
410 471 345 67 24
410 71 329 114 38
410 313 323 113 21
410 525 83 28 13
410 234 70 24 12
410 163 19 101 30
410 85 16 49 31
411 343 397 25 11
411 529 394 24 14
411 657 392 26 15
411 479 344 64 24
411 78 330 114 37
411 319 323 112 22
411 520 86 37 11
411 243 72 21 13
411 168 34 70 11
411 250 24 18 20
411 171 21 22 9
411 93 18 44 28
412 347 398 26 11
412 532 395 25 13
412 660 393 24 14
412 481 345 64 24
412 82 331 112 37
412 324 326 110 20
412 536 86 23 12
412 243 73 25 13
412 172 22 104 28
412 97 21 46 27
413 178 405 17 8
413 353 398 25 11
413 670 397 16 9
413 541 397 17 9
413 513 348 32 19
413 328 326 110 20
413 534 87 28 12
413 248 76 21 11
413 175 26 102 25
413 100 23 49 29
414 361 399 20 9
414 543 395 23 13
414 497 346 55 22
414 143 339 53 22
414 335 327 109 18
414 539 89 26 12
414 260 79 17 11
415 362 398 29 12
415 546 395 24 13
415 672 393 25 14
415 497 347 62 23
415 102 332 111 37
415 342 327 108 19
415 543 90 31 14
415 267 80 18 11
415 189 29 101 26
415 114 26 47 27
416 365 398 32 12
416 548 395 24 13
416 674 393 26 14
416 499 348 63 22
416 107 332 109 37
416 345 327 107 19
416 551 92 25 12
416 268 81 18 12
416 367 49 12 8
416 367 32 13 12
416 192 29 102 28
416 119 27 47 28
417 373 398 20 9
417 552 395 23 13
417 677 393 24 14
417 504 346 60 24
417 111 331 109 37
417 348 327 107 19
417 553 92 24 13
417 270 83 22 10
417 196 29 101 28
417 122 28 48 29
418 378 398 22 10
418 559 395 19 11
418 680 393 23 13
418 507 346 62 24
418 120 330 108 37
418 351 325 113 21
418 558 91 29 15
418 273 83 25 10
418 202 31 100 25
418 127 29 48 27
419 383 398 23 10
419 694 397 13 8
419 566 396 19 10
419 513 348 60 24
419 127 331 107 37
419 358 328 115 18
419 561 94 27 13
419 283 84 23 11
419 211 33 24 19
419 135 29 48 28
420 386 398 27 11
420 571 396 16 10
420 689 395 25 13
420 517 349 64 23
420 132 332 108 37
420 363 328 111 19
420 567 96 25 13
420 290 86 19 9
420 216 35 99 26
420 142 31 46 29
421 392 399 22 9
421 696 395 21 11
421 574 395 20 12
421 521 349 63 23
421 141 332 103 35
421 368 328 106 19
421 573 98 21 11
421 288 86 27 12
421 376 40 50 28
421 221 35 100 26
421 147 33 47 28
422 401 398 24 10
422 707 395 12 10
422 582 395 17 11
422 528 349 61 23
422 147 331 105 36
422 375 327 106 19
422 566 98 32 10
422 294 86 27 12
422 161 42 12 8
423 404 398 21 10
423 702 396 17 11
423 582 395 22 13
423 528 349 65 24
423 152 332 107 35
423 378 328 106 19
423 582 98 23 12
423 309 88 17 9
423 287 40 43 20
423 235 39 30 23
423 160 34 46 29
424 408 399 22 9
424 707 398 12 8
424 585 396 20 11
424 533 349 64 23
424 157 333 106 37
424 384 328 105 19
424 585 99 25 12
424 312 89 19 10
424 9 80 24 13
424 239 39 96 24
424 165 37 45 28
424 385 20 60 53
425 414 398 24 10
425 590 395 22 13
425 540 349 63 23
425 168 331 102 37
425 389 328 106 19
425 592 101 23 13
425 318 90 20 12
425 21 83 24 10
425 248 41 96 26
425 173 39 49 28
426 414 398 24 10
426 590 395 22 13
426 540 349 63 23
426 168 331 102 37
426 389 328 106 19
426 592 101 23 13
426 318 90 20 11
426 21 83 24 10
426 248 41 96 26
426 173 39 49 28
427 420 398 22 10
427 593 395 22 13
427 544 349 62 23
427 171 332 105 36
427 393 328 106 19
427 593 102 22 12
427 320 91 23 13
427 28 84 23 10
427 252 42 94 24
427 178 39 46 29
427 399 23 32 47
428 425 398 21 8
428 597 395 23 12
428 549 349 59 22
428 176 332 106 35
428 399 328 103 18
428 596 101 25 13
428 325 91 20 12
428 28 83 29 12
428 257 44 94 24
428 402 42 35 33
428 183 38 46 30
429 432 398 21 7
429 604 393 22 14
429 556 348 60 21
429 189 330 102 34
429 407 328 113 17
429 607 103 20 11
429 335 90 21 14
429 39 81 30 13
429 415 60 34 13
429 268 44 92 25
429 193 39 47 29
430 432 398 21 7
430 604 393 22 14
430 556 348 60 21
430 189 330 102 34
430 407 328 113 17
430 607 103 20 11
430 335 90 21 14
430 39 81 30 13
430 415 60 34 13
430 268 44 92 25
430 193 39 47 29
431 272 396 24 10
431 436 394 24 11
431 611 393 21 13
431 562 347 58 22
431 194 328 104 36
431 412 327 106 18
431 610 103 22 12
431 340 90 25 15
431 50 83 25 11
431 277 46 17 7
431 201 41 43 26
432 149 398 21 9
432 276 396 21 9
432 51 396 22 12
432 438 395 24 11
432 610 393 23 13
432 564 349 59 21
432 199 331 100 33
432 415 328 102 17
432 615 104 23 13
432 345 92 23 13
432 56 83 26 11
432 420 44 51 34
432 277 44 94 27
432 204 39 47 30
432 436 24 22 19
433 619 393 14 11
433 566 349 59 20
433 201 331 102 33
433 419 328 101 18
433 614 105 24 12
433 344 95 27 11
433 56 83 29 13
433 279 46 95 25
433 206 42 46 27
433 421 26 58 55
434 447 396 21 7
434 625 393 13 10
434 571 348 58 21
434 208 330 99 33
434 424 328 101 17
434 351 94 24 13
434 62 85 25 10
434 427 48 52 33
434 281 47 97 26
434 214 44 38 25
434 441 26 17 20
435 454 397 17 6
435 630 393 11 10
435 574 348 58 21
435 214 330 97 33
435 427 328 115 18
435 615 104 31 14
435 356 95 24 13
435 67 86 26 10
435 286 49 94 24
435 217 44 44 26
435 430 28 57 55
436 454 397 22 6
436 630 393 13 10
436 576 348 61 22
436 217 331 98 33
436 430 328 103 17
436 620 105 30 14
436 358 96 23 12
436 74 86 23 10
436 291 50 93 24
436 219 45 46 26
436 432 29 43 54
437 459 396 23 8
437 633 395 15 9
437 581 348 59 22
437 222 331 100 33
437 436 328 108 20
437 626 106 29 13
437 373 99 11 8
437 78 86 25 12
437 298 51 91 23
437 225 46 43 27
437 438 29 43 53
438 463 397 20 6
438 636 395 15 9
438 584 349 59 21
438 228 331 99 33
438 438 328 104 18
438 630 107 28 12
438 368 96 25 13
438 85 87 24 9
438 230 47 43 26
438 440 34 59 51
439 643 393 11 10
439 589 349 58 21
439 232 331 97 32
439 443 328 102 18
439 634 108 25 12
439 374 97 20 12
439 88 86 28 12
439 348 68 25 5
439 465 65 16 13
439 304 53 33 20
439 353 52 42 12
439 445 51 18 27
439 235 47 42 27
439 460 31 19 20
440 472 395 18 8
440 646 393 10 10
440 593 349 57 20
440 236 328 96 34
440 447 327 101 18
440 636 107 28 13
440 378 96 22 13
440 94 87 25 10
440 311 61 26 11
440 361 52 38 13
440 448 51 31 28
440 240 49 41 24
441 476 395 17 7
441 648 393 12 10
441 596 348 58 21
441 450 327 107 18
441 240 327 97 35
441 642 108 25 11
441 380 96 24 14
441 99 87 25 10
441 319 62 29 10
441 453 52 39 27
441 363 52 39 13
441 242 48 44 25
442 653 392 12 12
442 599 347 57 22
442 245 328 95 33
442 453 327 103 17
442 646 108 25 11
442 387 97 20 11
442 102 86 26 11
442 364 52 43 13
442 322 52 84 21
442 247 48 43 25
443 654 391 12 12
443 33 388 16 10
443 601 346 58 23
443 247 327 98 34
443 458 326 100 18
443 648 108 26 12
443 390 96 24 12
443 103 86 30 12
443 322 53 29 20
443 365 52 47 21
443 461 50 31 33
443 251 48 43 25
444 657 390 13 11
444 483 390 21 10
444 34 387 18 10
444 605 345 57 23
444 250 326 98 33
444 458 324 108 20
444 654 108 24 11
444 396 97 17 9
444 109 86 27 11
444 324 51 90 23
444 463 46 59 37
444 253 45 43 27
445 489 391 18 7
445 656 390 18 11
445 607 345 58 22
445 255 326 96 33
445 463 325 101 18
445 655 107 24 12
445 397 96 20 11
445 111 85 30 11
445 327 51 91 22
445 466 47 41 36
445 258 44 41 27
446 489 389 23 9
446 658 388 20 13
446 609 344 60 23
446 258 326 97 33
446 466 324 100 18
446 659 107 25 12
446 399 95 22 13
446 117 84 28 11
446 331 51 92 23
446 469 50 33 30
446 262 44 41 27
447 662 388 21 12
447 493 387 26 11
447 47 386 20 9
447 615 344 60 22
447 264 325 94 34
447 471 322 100 18
447 661 106 26 12
447 406 96 19 10
447 122 83 27 12
447 335 62 49 8
447 473 52 41 26
447 386 50 39 22
447 265 46 42 22
448 674 387 11 9
448 499 386 23 11
448 52 384 21 10
448 620 341 59 23
448 268 322 96 37
448 477 321 112 21
448 410 93 22 13
448 128 83 27 12
448 343 50 89 23
448 270 44 43 25
448 479 35 58 47
449 353 387 11 8
449 500 386 27 11
449 224 386 19 9
449 669 385 22 13
449 126 385 25 10
449 49 382 29 11
449 622 341 60 22
449 481 322 96 17
449 272 321 96 36
449 674 104 21 11
449 412 91 27 13
449 133 82 27 12
449 343 46 93 24
449 276 42 41 27
449 484 29 56 49
450 127 386 25 9
450 672 385 19 12
450 502 385 27 11
450 52 382 27 11
450 625 341 58 23
450 482 321 99 17
450 273 321 96 36
450 676 104 20 11
450 415 92 21 12
450 136 82 26 11
450 346 46 91 24
450 276 43 43 25
450 485 26 55 53
451 680 385 15 10
451 507 385 26 10
451 129 385 45 10
451 65 380 15 10
451 626 340 61 22
451 278 320 95 36
451 484 318 112 21
451 137 80 26 11
451 492 52 36 22
451 349 44 91 25
451 279 39 43 29
452 512 386 22 7
452 63 380 22 10
452 631 340 60 22
452 489 318 110 20
452 282 318 95 38
452 421 89 22 12
452 145 81 20 8
452 354 44 91 25
452 492 42 53 36
452 284 39 41 28
453 688 385 13 9
453 517 385 22 8
453 66 378 25 12
453 637 340 59 22
453 285 318 94 34
453 493 317 99 18
453 426 88 22 12
453 147 79 24 10
453 357 44 91 23
453 494 41 57 37
453 287 39 45 28
454 692 385 14 8
454 67 376 26 12
454 641 339 59 22
454 497 317 100 17
454 290 317 93 35
454 432 90 16 7
454 150 77 25 11
454 502 46 43 27
454 363 40 89 25
454 291 39 44 26
455 524 382 21 9
455 149 379 21 9
455 71 374 28 12
455 643 337 60 22
455 500 316 110 17
455 294 315 95 35
455 432 85 27 14
455 154 75 29 14
455 366 40 92 25
455 295 38 44 27
455 504 31 59 46
456 692 381 21 12
456 527 380 22 10
456 248 378 20 8
456 150 376 25 11
456 76 372 27 13
456 646 336 61 23
456 504 315 114 21
456 296 315 95 32
456 437 86 21 10
456 158 73 27 13
456 367 39 94 24
456 510 36 56 37
456 297 34 46 28
457 696 382 18 11
457 528 380 23 10
457 151 375 25 12
457 77 371 26 13
457 649 336 59 23
457 505 314 111 18
457 297 314 97 32
457 440 85 21 10
457 162 73 27 12
457 513 39 35 33
457 371 38 94 25
457 300 33 45 28
458 704 380 13 10
458 530 378 23 12
458 254 376 17 9
458 154 374 26 11
458 79 370 25 13
458 650 334 60 24
458 507 314 103 16
458 301 312 96 33
458 443 84 23 10
458 163 70 28 13
458 373 35 94 27
458 303 32 43 28
458 512 29 57 44
458 530 19 13 15
459 705 380 13 9
459 533 377 24 10
459 258 375 15 9
459 154 374 29 12
459 81 370 25 12
459 654 333 59 25
459 510 313 100 16
459 304 310 94 34
459 450 84 17 8
459 167 69 25 11
459 377 34 93 26
459 307 29 40 28
459 515 14 52 56
460 704 378 15 12
460 534 377 23 11
460 254 376 21 10
460 153 374 29 12
460 80 372 26 13
460 654 333 59 24
460 510 313 100 16
460 304 310 95 35
460 448 83 21 10
460 165 66 26 14
460 378 34 93 25
460 306 29 41 27
460 517 13 49 55
461 671 334 38 20
461 514 310 102 19
461 308 310 95 36
461 453 83 15 8
461 164 67 29 13
461 378 34 93 25
461 307 30 43 27
461 517 15 59 53
462 546 380 21 10
462 91 373 24 10
462 669 333 44 21
462 521 313 102 16
462 314 310 93 35
462 167 65 33 15
462 450 46 26 13
462 313 31 41 23
463 546 380 25 10
463 265 377 21 8
463 168 376 23 10
463 93 373 24 12
463 666 333 53 25
463 315 314 93 32
463 522 313 101 17
463 459 81 22 11
463 175 67 28 13
463 388 33 94 27
463 316 30 44 25
463 530 13 47 54
464 672 334 47 21
464 319 315 93 32
464 528 314 100 17
464 462 82 21 11
464 175 65 30 15
464 391 33 92 26
464 317 30 44 27
464 531 13 46 55
465 560 380 16 9
465 679 336 38 20
465 325 315 95 31
465 531 312 109 19
465 322 30 43 25
466 564 381 16 7
466 111 374 18 11
466 692 336 27 18
466 329 313 95 32
466 538 312 103 18
466 187 66 25 9
466 404 35 21 7
466 425 32 68 26
466 329 29 43 25
467 111 375 21 10
467 700 336 18 18
467 332 314 96 32
467 541 313 103 17
467 189 65 29 12
467 548 36 40 25
467 402 30 94 26
467 332 29 45 25
468 550 311 101 19
468 187 62 36 14
468 458 29 46 26
468 335 28 44 23
469 129 377 12 7
469 8 374 15 9
469 346 313 97 32
469 556 311 103 18
469 484 74 24 11
469 198 62 31 13
469 475 29 33 22
469 342 26 43 24
470 128 377 19 9
470 1 375 27 11
470 351 313 95 33
470 561 312 113 17
470 203 62 31 14
470 420 28 93 22
470 563 26 57 35
470 347 25 44 25
471 132 379 20 9
471 1 376 31 12
471 354 314 95 33
471 565 311 109 18
471 504 75 12 9
471 209 64 28 14
471 420 27 96 23
471 350 25 43 26
471 564 24 61 36
472 20 380 12 8
472 362 315 92 35
472 572 310 111 20
472 505 74 16 10
472 209 64 31 13
472 425 26 93 23
472 354 26 40 24
472 569 25 58 35
473 216 386 22 7
473 137 382 27 11
473 16 381 23 12
473 365 315 96 39
473 576 312 104 18
473 510 74 18 10
473 215 65 28 13
473 432 26 91 24
473 357 26 45 24
473 576 18 52 38
474 218 388 21 8
474 142 385 26 11
474 15 383 27 12
474 368 316 97 37
474 582 314 102 18
474 510 74 19 12
474 220 68 27 12
474 432 28 96 24
474 360 26 46 27
475 445 388 26 10
475 611 386 21 7
475 142 386 28 12
475 20 385 27 13
475 371 318 99 37
475 583 313 104 22
475 516 78 17 8
475 222 71 30 12
475 583 30 17 25
475 435 29 98 26
475 363 29 46 27
475 597 20 18 20
476 444 388 33 12
476 156 388 19 9
476 29 387 22 11
476 620 385 18 9
476 590 315 106 20
476 227 73 28 12
476 440 34 22 18
476 367 30 46 27
477 240 391 19 9
477 332 390 23 8
477 157 388 26 13
477 31 388 26 13
477 628 386 17 9
477 384 319 100 39
477 596 314 116 22
477 234 73 28 13
477 447 43 15 8
477 449 34 11 8
477 373 30 44 26
478 246 393 12 9
478 161 390 22 13
478 32 390 25 13
478 628 387 18 10
478 388 321 97 37
478 599 317 103 21
478 533 80 15 10
478 239 73 27 13
478 450 31 97 27
478 378 30 45 27
478 600 11 31 46
479 349 393 11 8
479 160 391 27 12
479 34 391 27 15
479 631 388 18 9
479 390 322 99 37
479 604 318 101 21
479 240 74 30 12
479 454 32 97 28
479 379 31 48 28
479 618 12 14 31
480 167 394 24 12
480 37 394 28 14
480 394 326 98 36
480 607 321 102 23
480 535 83 22 10
480 245 75 31 13
480 458 34 94 27
480 384 33 46 27
481 481 398 13 8
481 170 397 25 11
481 42 396 28 13
481 397 327 99 36
481 612 325 101 20
481 538 86 24 10
481 250 77 28 13
481 460 36 97 26
481 388 34 47 31
482 484 398 18 8
482 49 396 26 13
482 404 327 100 35
482 619 323 100 23
482 547 87 20 9
482 469 52 13 9
482 548 41 13 11
482 614 39 58 34
482 394 35 44 29
483 260 398 24 10
483 652 395 20 8
483 54 394 27 14
483 183 393 24 13
483 411 327 100 36
483 624 321 95 24
483 556 87 18 9
483 262 78 29 13
483 542 39 29 22
483 402 36 43 26
484 265 398 20 9
484 654 397 22 9
484 185 393 24 13
484 55 392 26 14
484 414 327 99 36
484 628 324 91 22
484 564 87 14 8
484 266 75 31 13
484 5 71 16 9
484 643 56 16 8
484 481 37 94 24
484 404 35 48 27
485 657 398 23 9
485 496 396 21 10
485 60 391 25 13
485 418 327 99 36
485 633 326 86 20
485 560 86 26 11
485 273 75 28 12
485 489 40 18 15
485 410 36 45 26
486 663 398 25 10
486 499 395 24 11
486 204 393 12 8
486 67 388 24 11
486 639 327 80 19
486 424 327 98 36
486 420 38 38 19
487 669 398 21 10
487 209 393 12 9
487 70 389 26 13
487 430 328 100 36
487 643 325 76 24
487 286 74 27 12
487 20 63 17 11
487 663 58 11 12
487 553 39 38 21
487 499 39 31 19
487 424 34 44 28
488 673 398 25 11
488 386 398 15 6
488 207 394 21 12
488 75 393 25 12
488 435 330 100 34
488 648 326 71 23
488 291 75 27 13
488 26 65 13 8
488 558 41 33 10
488 504 40 42 21
488 651 35 46 36
488 425 35 49 29
489 679 398 22 8
489 517 398 21 8
489 390 397 20 9
489 213 393 19 11
489 80 390 25 14
489 440 327 100 37
489 653 325 66 23
489 294 75 28 12
489 23 64 22 11
489 506 38 97 24
489 649 34 64 44
489 430 34 46 29
490 684 397 21 9
490 217 391 21 12
490 85 390 24 11
490 444 326 100 36
490 656 323 63 22
490 298 73 29 13
490 28 63 22 12
490 507 35 101 27
490 435 33 47 27
490 657 31 43 38
491 687 394 24 12
491 218 390 23 11
491 85 387 29 15
491 450 326 97 36
491 661 318 58 27
491 303 73 27 11
491 28 62 27 12
491 512 34 99 28
491 658 30 61 43
491 438 29 47 31
492 692 396 20 7
492 214 388 33 15
492 88 385 31 16
492 454 324 99 37
492 666 318 53 26
492 605 83 14 9
492 308 68 25 15
492 34 61 23 12
492 516 33 100 28
492 669 31 49 37
492 443 29 46 28
493 697 394 18 9
493 409 393 16 8
493 222 387 30 14
493 93 385 28 13
493 459 323 100 37
493 671 318 48 26
493 314 68 23 12
493 38 59 24 11
493 677 29 34 33
493 522 29 99 31
493 448 29 47 26
494 228 386 26 13
494 96 385 32 15
494 1 328 18 11
494 464 321 99 38
494 676 318 43 26
494 314 64 30 14
494 47 58 17 10
494 528 29 96 27
494 453 27 44 25
495 234 387 25 11
495 99 385 30 14
495 1 326 20 15
495 468 321 96 38
495 679 320 40 21
495 319 64 28 13
495 45 55 24 13
495 529 29 101 27
495 457 26 45 26
495 678 21 41 41
496 236 388 24 11
496 102 385 29 13
496 1 326 25 15
496 469 322 99 37
496 682 320 37 22
496 321 65 29 13
496 44 55 29 12
496 533 28 99 25
496 458 24 47 27
496 683 8 35 51
497 241 388 24 11
497 106 385 33 14
497 478 323 97 36
497 690 319 27 22
497 325 64 28 12
497 48 55 25 13
497 689 42 27 18
497 535 29 101 25
497 463 25 44 26
498 245 388 25 11
498 112 385 30 14
498 1 327 35 15
498 696 323 23 18
498 481 322 101 38
498 330 63 28 13
498 54 54 25 14
498 548 38 27 11
498 606 30 36 22
498 470 26 42 24
499 243 388 31 13
499 114 385 30 15
499 1 327 37 14
499 697 323 22 18
499 484 323 98 37
499 334 64 29 13
499 58 55 25 12
499 548 28 98 25
499 471 24 46 26
500 564 393 19 11
500 335 393 18 8
500 249 388 27 13
500 116 385 34 16
500 1 328 38 16
500 702 324 17 16
500 487 323 99 36
500 639 76 12 9
500 336 62 30 15
500 59 55 27 13
500 551 28 98 24
500 474 24 47 26
501 339 393 17 8
501 564 392 25 14
501 252 388 29 13
501 122 385 30 15
501 1 328 43 18
501 492 323 99 37
501 342 61 26 14
501 63 54 22 10
501 552 26 100 25
501 478 22 47 28
502 569 394 25 12
502 443 393 18 11
502 340 393 21 10
502 258 390 27 12
502 124 387 31 14
502 1 328 43 17
502 496 326 97 36
502 646 77 16 10
502 347 62 27 14
502 63 52 30 13
502 558 27 98 26
502 482 22 46 28
503 570 396 25 12
503 340 395 25 10
503 260 391 26 12
503 126 388 29 15
503 6 329 40 17
503 498 326 98 37
503 646 78 20 11
503 348 64 28 13
503 64 53 31 13
503 560 29 99 26
503 483 24 46 27
504 445 396 21 9
504 574 395 23 12
504 343 393 25 13
504 263 390 25 14
504 129 389 31 16
504 8 331 40 15
504 502 326 98 37
504 648 77 18 11
504 350 64 29 14
504 58 52 39 15
504 562 28 99 27
504 486 24 45 27
505 582 397 18 9
505 270 393 21 12
505 134 391 28 15
505 1 332 53 19
505 504 327 101 37
505 16 255 25 8
505 655 78 15 8
505 353 63 27 15
505 71 55 29 13
505 564 27 101 28
505 489 24 46 26
506 463 398 12 9
506 585 397 22 11
506 273 394 26 13
506 140 394 29 13
506 510 328 100 36
506 656 76 18 13
506 357 65 29 13
506 69 54 32 14
506 569 28 99 27
506 494 25 47 26
507 589 395 30 14
507 282 395 24 11
507 147 394 31 14
507 518 328 97 36
507 363 68 30 14
507 69 55 26 10
507 499 26 44 25
508 593 395 27 12
508 287 393 22 13
508 152 392 31 15
508 14 391 13 7
508 26 334 43 15
508 524 326 99 38
508 371 67 27 13
508 75 53 43 17
508 507 26 42 24
509 598 395 26 12
509 369 395 26 11
509 291 391 24 13
509 157 389 29 17
509 1 388 33 13
509 1 333 77 19
509 526 326 101 36
509 674 75 16 11
509 376 65 26 13
509 88 57 36 13
509 584 27 100 25
509 510 24 44 27
510 375 396 19 5
510 481 395 14 8
510 602 394 22 9
510 292 390 28 13
510 159 388 32 15
510 3 386 32 14
510 24 332 54 14
510 530 324 98 37
510 678 75 16 11
510 377 64 28 12
510 96 56 29 12
510 586 27 101 25
510 512 23 45 27
511 601 391 31 15
511 292 388 30 14
511 16 387 22 11
511 164 386 29 14
511 17 329 66 17
511 533 321 99 38
511 679 74 16 11
511 381 62 27 13
511 99 55 30 13
511 589 25 99 25
511 515 22 48 26
512 611 390 25 11
512 303 387 25 11
512 170 385 31 14
512 24 385 22 12
512 538 318 100 40
512 386 62 27 11
512 109 53 23 12
512 594 22 100 28
512 519 21 48 26
513 616 388 21 9
513 389 388 23 9
513 309 386 23 11
513 174 384 34 14
513 21 384 31 14
513 1 328 93 15
513 543 318 99 39
513 691 71 13 8
513 393 62 24 9
513 105 51 34 14
513 600 21 98 27
513 526 18 45 27
514 495 388 16 9
514 390 388 23 9
514 623 387 18 8
514 307 385 29 13
514 177 385 31 14
514 26 385 29 13
514 515 327 14 13
514 1 327 97 20
514 546 319 98 35
514 685 68 26 14
514 394 61 30 12
514 108 51 35 14
514 604 20 96 27
514 528 16 45 29
515 31 387 25 11
515 316 385 21 12
515 180 385 34 15
515 1 328 100 20
515 549 317 96 39
515 685 68 25 15
515 395 61 30 12
515 109 52 36 13
515 604 21 96 26
515 528 16 45 30
516 495 385 28 11
516 312 385 32 12
516 40 385 25 13
516 186 384 33 14
516 551 314 99 37
516 399 60 26 10
516 108 51 38 13
516 603 17 98 28
516 529 16 45 28
517 39 386 30 14
517 401 385 24 8
517 323 384 26 11
517 192 384 30 14
517 500 383 25 10
517 1 326 110 22
517 557 314 94 33
517 21 271 10 10
517 699 65 13 8
517 402 57 28 13
517 120 51 29 14
517 607 16 97 24
517 533 14 44 28
518 52 387 21 11
518 560 313 96 35
518 698 65 17 9
518 406 58 25 12
518 124 52 28 14
518 609 16 96 25
518 535 14 42 27
519 206 382 31 14
519 641 375 20 12
519 568 310 94 36
520 62 385 41 11
520 339 382 25 11
520 212 381 28 14
520 654 375 14 11
520 571 309 98 35
520 620 14 93 24
520 546 13 45 26
521 219 379 28 14
521 659 375 12 8
521 579 308 95 34
521 134 50 36 12
521 552 13 43 25
522 90 382 11 9
522 229 377 28 14
522 540 375 15 10
522 657 371 22 12
522 9 324 38 19
522 587 305 94 34
523 85 379 26 14
523 441 375 22 10
523 363 375 23 10
523 232 375 33 15
523 539 374 19 9
523 661 368 23 12
523 8 316 146 30
523 593 305 91 34
523 438 52 28 14
523 167 51 22 11
523 638 11 81 25
523 563 10 48 25
524 94 378 20 10
524 238 375 27 12
524 367 373 22 11
524 669 369 18 9
524 15 316 137 28
524 595 303 92 36
524 439 52 29 13
524 165 50 28 12
524 641 11 78 25
524 564 10 49 26
525 103 375 16 11
525 245 373 28 12
525 546 370 18 9
525 371 370 21 10
525 23 315 137 26
525 597 298 95 39
525 444 50 28 15
525 168 48 28 12
525 645 13 49 21
525 571 8 46 26
526 112 374 12 8
526 250 370 28 13
526 380 369 19 8
526 553 368 18 7
526 672 364 28 12
526 30 314 140 25
526 604 296 93 38
526 450 48 29 14
526 175 45 27 12
526 575 6 45 25
527 103 371 29 14
527 252 369 28 13
527 553 365 21 10
527 373 365 31 15
527 677 364 25 11
527 31 307 140 32
527 607 297 92 36
527 455 47 29 14
527 176 41 33 14
527 654 6 64 23
527 582 6 43 24
528 116 372 16 10
528 256 369 25 13
528 556 365 20 9
528 674 364 28 11
528 382 364 25 13
528 33 307 143 32
528 610 297 91 37
528 457 47 32 15
528 183 41 30 13
528 656 6 63 23
528 584 6 44 24
529 114 372 24 13
529 262 369 24 13
529 385 366 25 12
529 686 364 19 11
529 37 308 144 32
529 615 297 90 36
529 463 47 28 14
529 188 42 29 13
529 660 6 58 23
529 587 6 46 23
530 121 373 19 12
530 263 370 28 13
530 386 366 28 13
530 561 364 23 11
530 41 308 143 32
530 618 297 90 36
530 468 47 26 14
530 193 42 27 13
530 663 6 55 23
530 588 6 50 24
531 125 374 17 11
531 267 370 29 14
531 394 368 23 11
531 567 367 22 9
531 688 364 26 12
531 44 309 145 31
531 621 297 92 39
531 468 47 29 15
531 196 42 27 15
531 666 6 53 24
531 591 6 48 25
532 129 374 20 13
532 273 371 28 14
532 404 370 18 10
532 571 369 23 8
532 52 312 141 29
532 626 298 93 38
532 475 50 26 12
532 200 46 29 14
532 668 7 51 25
532 597 6 46 28
533 132 375 23 13
533 479 372 24 8
533 279 372 27 13
533 402 370 27 13
533 576 368 21 10
533 56 313 144 30
533 629 300 90 37
533 478 50 29 14
533 209 49 25 11
533 674 9 45 24
533 601 8 45 26
534 132 375 28 15
534 484 373 22 7
534 281 373 29 12
534 584 371 15 9
534 407 371 24 13
534 60 313 143 31
534 637 303 82 34
534 481 51 31 14
534 213 50 27 12
534 679 10 40 24
534 606 8 44 28
535 136 375 25 13
535 490 374 20 6
535 285 372 27 13
535 408 371 27 13
535 63 314 142 29
535 638 303 81 34
535 486 52 29 13
535 217 50 24 12
535 680 12 39 24
535 608 10 46 26
536 144 375 23 12
536 291 372 27 12
536 404 370 36 14
536 170 321 15 6
536 71 316 53 23
536 491 51 27 14
536 228 51 16 8
536 686 18 33 17
536 609 11 49 25
537 151 375 20 10
537 296 372 27 13
537 418 371 27 12
537 76 314 141 27
537 646 303 73 35
537 497 51 28 14
537 232 50 20 10
537 692 20 26 14
537 616 11 48 26
538 332 375 12 9
538 155 373 23 12
538 299 372 29 13
538 423 371 25 12
538 80 313 142 27
538 643 303 76 36
538 499 52 30 13
538 234 50 24 12
538 620 11 47 26
539 170 374 13 9
539 430 370 23 12
539 304 370 28 13
539 186 318 35 10
539 89 315 64 24
539 505 52 29 13
539 238 50 25 11
539 627 11 44 25
540 172 373 17 10
540 433 370 25 10
540 309 370 30 14
540 92 309 142 31
540 664 302 55 35
540 511 51 29 14
540 250 50 18 10
540 632 11 47 24
541 172 372 23 13
541 440 370 18 9
541 314 370 28 13
541 96 308 143 32
541 664 302 55 34
541 137 261 22 15
541 199 243 27 8
541 516 52 28 13
541 247 50 26 12
541 634 10 49 26
