0 1 659 61 29
0 1 592 48 36
0 123 514 48 13
0 189 510 16 14
0 50 508 53 24
0 250 505 40 18
0 305 503 40 19
0 1 423 404 77
0 1124 358 85 42
0 1092 348 41 33
0 1092 271 48 42
0 1135 220 144 148
1 1 678 81 34
1 1 622 69 36
1 172 528 17 14
1 75 527 45 22
1 207 521 43 20
1 263 517 49 22
1 322 514 45 22
1 1 482 281 40
1 43 444 377 60
1 1149 337 130 64
1 1114 279 165 105
1 1113 268 48 45
1 1170 214 100 66
2 6 701 87 18
2 1 640 79 37
2 493 608 14 7
2 185 550 13 13
2 162 550 7 13
2 85 548 47 20
2 280 537 44 21
2 221 536 41 22
2 332 535 47 22
2 1 460 436 82
2 1263 357 16 19
2 1132 279 51 44
2 1132 222 147 192
3 1 658 88 29
3 162 557 52 19
3 93 555 53 26
3 224 553 50 20
3 290 550 43 18
3 347 546 37 19
3 15 471 431 84
3 1142 360 48 36
3 1144 280 46 47
3 1183 231 96 182
4 1 660 121 59
4 126 558 50 25
4 194 555 50 25
4 254 554 51 22
4 314 553 50 19
4 378 548 22 17
4 48 472 425 85
4 1216 369 63 43
4 1181 330 98 63
4 1176 273 52 49
4 1237 248 42 73
5 16 658 125 60
5 213 557 50 17
5 144 555 52 26
5 274 550 49 24
5 336 548 41 20
5 395 544 38 20
5 64 469 425 86
5 1246 378 33 23
5 1204 332 75 54
5 1201 266 50 48
5 1264 249 15 28
6 136 708 40 10
6 45 691 34 21
6 48 647 111 34
6 233 554 45 13
6 162 553 52 21
6 355 539 45 20
6 410 535 44 22
6 86 460 423 103
6 1232 331 47 41
6 1224 248 55 45
7 111 699 76 20
7 54 640 118 65
7 175 546 46 21
7 244 544 42 15
7 361 535 48 19
7 304 533 50 24
7 423 530 38 21
7 1 478 25 20
7 94 454 426 88
7 1243 325 36 37
7 1241 246 38 41
8 68 676 133 43
8 68 635 122 38
8 255 536 50 18
8 187 535 54 23
8 319 533 46 18
8 378 527 45 21
8 440 524 37 17
8 404 480 126 33
8 107 445 397 91
8 1268 326 11 15
8 1265 250 14 22
9 90 632 134 87
9 619 589 15 7
9 274 535 52 19
9 207 532 56 25
9 342 528 21 18
9 399 523 46 19
9 459 514 39 23
9 436 476 115 31
9 130 444 389 86
10 121 683 132 35
10 122 622 119 63
10 648 580 17 14
10 308 523 46 19
10 241 523 44 23
10 424 514 49 22
10 368 514 48 23
10 486 513 43 20
10 459 469 124 30
10 160 435 391 83
11 144 678 133 39
11 1003 642 15 14
11 143 621 119 62
11 670 580 17 9
11 327 518 49 23
11 446 514 46 19
11 387 514 47 22
11 506 509 42 21
11 181 434 421 111
12 185 678 133 40
12 185 618 118 65
12 297 516 49 24
12 365 514 48 22
12 427 512 42 20
12 488 510 42 18
12 547 504 35 20
12 219 425 419 92
13 978 709 35 9
13 209 614 133 99
13 384 513 47 20
13 450 512 19 12
13 315 512 53 25
13 474 507 13 11
13 507 501 45 20
13 562 494 41 23
13 240 419 421 93
14 227 688 68 27
14 986 681 124 18
14 226 626 130 61
14 1090 608 19 7
14 224 589 120 33
14 405 492 43 15
14 335 491 51 23
14 469 486 13 13
14 486 483 21 12
14 527 477 44 21
14 579 473 46 22
14 557 431 119 28
14 259 396 383 93
15 240 690 65 29
15 1071 676 93 29
15 998 655 71 17
15 1135 637 26 17
15 233 559 134 133
15 757 517 17 7
15 414 466 17 10
15 345 464 42 22
15 432 463 24 13
15 528 453 50 19
15 472 451 48 25
15 589 449 40 18
15 559 404 126 32
15 263 371 389 91
16 253 671 96 48
16 1086 665 61 26
16 1152 660 29 16
16 950 645 35 68
16 1009 636 92 20
16 1147 621 32 9
16 962 621 6 18
16 753 601 8 13
16 253 596 130 75
16 249 540 115 61
16 775 496 11 8
16 360 439 46 24
16 427 435 46 22
16 547 431 46 20
16 488 431 45 20
16 608 423 34 23
16 280 349 424 86
17 263 690 91 29
17 1091 658 93 24
17 1014 631 76 18
17 254 631 72 59
17 1155 613 26 14
17 945 612 46 100
17 253 567 133 65
17 253 531 112 28
17 776 486 18 12
17 431 434 47 15
17 361 430 50 24
17 498 427 12 14
17 553 421 45 18
17 611 413 41 23
17 283 337 424 88
18 262 681 92 32
18 1091 658 92 23
18 254 655 65 26
18 1106 630 29 5
18 1023 628 62 21
18 753 626 22 18
18 1156 612 14 14
18 946 612 45 97
18 253 576 134 74
18 1115 555 22 12
18 251 516 116 66
18 781 480 17 14
18 433 416 49 19
18 493 413 49 19
18 555 412 48 19
18 365 409 48 32
18 610 408 45 20
18 588 363 124 32
18 283 327 396 86
19 255 676 95 28
19 1090 658 91 22
19 255 649 59 23
19 1017 626 51 19
19 250 613 74 28
19 944 605 45 101
19 249 510 135 99
19 784 477 15 10
19 429 412 53 18
19 361 410 55 25
19 559 407 43 18
19 495 405 46 23
19 619 403 32 20
19 589 358 123 31
19 283 321 397 83
20 251 667 95 52
20 1088 655 90 25
20 250 636 64 28
20 1019 623 99 18
20 945 608 45 97
20 250 605 68 28
20 245 565 137 35
20 1095 559 19 6
20 245 504 119 65
20 437 404 13 14
20 456 401 22 18
20 365 399 44 26
20 559 395 46 21
20 498 394 44 23
20 615 391 42 23
20 281 312 432 82
21 249 667 96 52
21 1090 660 57 21
21 1151 659 31 17
21 245 636 69 26
21 1021 628 60 19
21 943 609 46 100
21 242 565 136 67
21 242 500 122 65
21 560 395 43 19
21 432 395 50 23
21 496 393 47 23
21 364 393 47 29
21 615 391 45 23
21 592 349 123 29
21 281 309 399 82
22 244 674 101 30
22 1091 664 90 27
22 244 640 64 27
22 944 639 48 75
22 1017 633 87 22
22 242 606 72 31
22 241 567 137 34
22 241 504 122 63
22 786 477 16 6
22 432 400 47 18
22 560 396 45 21
22 616 393 45 21
22 497 393 45 24
22 363 391 47 32
22 280 308 435 83
23 1096 671 56 24
23 246 671 101 32
23 1161 665 25 17
23 948 645 46 69
23 245 637 69 26
23 1023 636 73 18
23 245 605 72 27
23 242 564 142 35
23 242 500 123 64
23 436 394 53 24
23 561 393 51 23
23 500 393 50 24
23 365 393 53 25
23 620 391 47 23
23 598 349 126 31
23 195 318 23 10
23 282 303 405 82
24 1123 662 90 28
24 272 662 96 57
24 969 636 53 77
24 1051 633 14 14
24 267 632 69 26
24 1069 630 60 20
24 267 595 78 27
24 268 551 137 39
24 264 523 42 35
24 264 491 120 28
24 816 467 13 8
24 457 391 52 19
24 585 387 48 22
24 523 387 47 22
24 387 387 51 23
24 646 385 39 20
24 616 341 129 31
24 304 293 407 80
25 290 695 78 24
25 1142 658 95 24
25 291 658 96 34
25 991 637 49 71
25 286 628 66 25
25 1069 623 48 17
25 1210 621 23 10
25 113 595 18 32
25 282 592 77 27
25 793 577 23 10
25 283 522 139 68
25 282 483 120 36
25 542 384 38 12
25 497 384 23 17
25 603 380 44 21
25 406 380 42 24
25 664 378 38 22
25 637 336 120 32
25 320 287 404 84
26 312 688 70 27
26 1165 658 99 24
26 306 649 102 33
26 1012 635 51 78
26 1092 622 76 18
26 305 615 69 26
26 306 583 70 27
26 817 568 18 15
26 1169 559 18 6
26 304 537 133 40
26 303 510 43 30
26 304 476 116 33
26 853 454 18 13
26 493 372 50 21
26 681 371 44 20
26 619 371 50 22
26 557 371 53 20
26 422 369 53 27
26 652 327 133 31
26 340 320 303 40
26 383 279 362 39
27 1172 655 94 25
27 313 644 97 66
27 1016 628 47 76
27 1105 624 10 11
27 1119 618 82 19
27 308 612 69 27
27 308 574 75 27
27 817 562 27 15
27 1147 557 46 8
27 121 541 19 64
27 306 505 141 63
27 306 469 122 29
27 859 453 21 13
27 501 369 51 20
27 632 368 43 19
27 692 366 39 20
27 429 364 53 23
27 568 363 46 24
27 662 323 130 29
27 345 272 411 80
28 1247 704 10 11
28 356 700 60 19
28 314 668 76 35
28 1174 653 60 20
28 1245 649 21 13
28 313 635 103 28
28 1021 615 51 97
28 1104 614 102 22
28 313 598 66 28
28 313 565 71 26
28 827 559 21 6
28 114 541 21 58
28 310 523 138 34
28 308 491 48 27
28 310 457 121 32
28 870 441 18 12
28 635 352 50 23
28 507 352 52 23
28 694 350 46 23
28 571 350 52 23
28 433 349 56 24
28 672 309 123 32
28 351 250 410 86
29 1224 697 55 22
29 323 690 105 29
29 1187 645 63 23
29 1256 641 22 15
29 326 622 98 61
29 1030 615 52 94
29 1113 605 69 21
29 322 586 65 29
29 120 554 19 35
29 318 553 81 28
29 834 548 28 14
29 120 519 16 29
29 318 441 139 103
29 879 432 20 13
29 591 344 34 15
29 712 343 40 20
29 651 343 43 20
29 541 343 24 17
29 446 331 49 29
29 683 299 126 32
29 359 243 417 84
30 434 708 41 11
30 1184 692 95 27
30 341 673 102 33
30 1210 637 59 23
30 344 603 96 62
30 1046 600 58 114
30 1136 596 120 22
30 337 567 69 28
30 849 533 30 17
30 335 531 75 28
30 122 496 30 72
30 336 491 139 37
30 336 421 123 68
30 900 417 17 15
30 730 326 42 22
30 669 326 47 22
30 542 323 43 20
30 605 321 46 23
30 464 311 48 32
30 701 286 130 28
30 378 258 315 51
30 423 221 372 52
31 1196 691 82 24
31 352 662 139 57
31 1224 631 55 23
31 352 626 75 34
31 1064 598 49 96
31 349 592 103 30
31 1154 589 83 19
31 347 554 71 27
31 864 523 30 13
31 127 487 48 80
31 346 481 141 68
31 917 412 14 11
31 345 412 123 65
31 678 312 51 23
31 739 311 47 26
31 612 311 52 21
31 548 309 50 25
31 475 305 53 26
31 715 271 128 32
31 386 207 418 87
32 1219 683 55 32
32 370 681 136 36
32 364 647 104 34
32 1241 618 38 23
32 363 613 82 28
32 1167 577 101 19
32 363 576 102 25
32 1074 551 68 168
32 361 533 68 35
32 880 517 23 9
32 363 507 73 24
32 135 473 36 80
32 359 459 142 36
32 358 430 47 28
32 930 394 20 11
32 356 394 128 31
32 757 296 38 21
32 694 294 50 24
32 561 290 53 23
32 630 289 46 23
32 487 287 55 24
32 731 253 130 34
32 401 185 423 88
33 463 712 33 5
33 507 697 73 22
33 1229 672 50 40
33 379 671 137 37
33 377 636 105 32
33 1257 609 22 22
33 1087 574 81 145
33 1184 565 89 22
33 374 563 103 68
33 372 526 71 31
33 893 500 23 13
33 368 491 80 27
33 139 472 36 69
33 368 450 146 35
33 368 380 128 66
33 943 378 20 15
33 771 284 40 21
33 646 284 19 12
33 708 281 49 26
33 667 281 17 12
33 573 277 51 23
33 498 270 54 26
33 742 243 133 29
33 638 232 88 34
33 414 168 424 90
34 401 681 201 38
34 1260 663 19 34
34 400 655 134 37
34 396 618 105 33
34 1109 554 75 163
34 1208 551 71 23
34 393 545 102 67
34 1106 519 13 7
34 390 507 71 30
34 914 483 25 12
34 388 473 81 26
34 155 458 27 70
34 967 362 18 11
34 386 358 146 105
34 792 263 43 24
34 729 262 48 25
34 667 261 36 15
34 592 257 51 23
34 518 248 53 28
34 762 217 133 36
34 427 149 432 95
35 414 672 201 46
35 410 644 141 37
35 405 608 106 33
35 406 572 85 28
35 1124 553 80 157
35 1229 542 48 17
35 405 533 104 29
35 404 494 68 30
35 922 473 32 17
35 404 460 73 29
35 159 445 33 74
35 400 417 146 38
35 397 387 46 30
35 980 350 24 16
35 397 346 131 29
35 806 248 43 23
35 740 248 50 22
35 675 248 50 18
35 605 244 51 22
35 529 234 56 29
35 774 205 135 34
35 440 180 326 50
35 486 130 386 63
36 548 696 104 23
36 191 691 26 8
36 434 656 201 48
36 431 626 139 38
36 428 591 105 33
36 429 553 81 29
36 1149 533 85 168
36 1255 526 23 10
36 427 514 103 35
36 1195 496 6 16
36 423 480 66 27
36 953 458 23 11
36 175 446 26 59
36 420 445 80 32
36 416 400 149 34
36 1009 332 21 11
36 415 327 128 67
36 827 227 46 25
36 765 227 51 23
36 694 226 51 22
36 626 223 52 23
36 550 213 52 28
36 794 185 141 33
36 456 154 330 54
36 504 106 390 67
37 1060 701 21 18
37 450 678 216 41
37 446 640 207 48
37 448 613 136 38
37 438 574 110 35
37 1165 514 81 164
37 438 501 103 67
37 434 463 72 31
37 963 437 26 14
37 429 427 81 28
37 180 416 28 73
37 428 378 151 38
37 427 346 46 30
37 1022 311 26 17
37 425 309 131 36
37 840 208 48 22
37 776 208 54 22
37 710 207 48 20
37 642 205 51 21
37 561 195 54 28
37 813 164 136 35
37 468 89 440 101
38 748 703 15 6
38 560 696 107 22
38 1090 677 22 15
38 470 649 214 51
38 468 609 207 50
38 468 580 137 38
38 459 542 111 39
38 1191 482 75 162
38 455 469 109 70
38 1236 445 11 17
38 448 430 77 27
38 196 405 23 49
38 447 391 83 27
38 447 346 150 36
38 1050 273 23 17
38 445 273 130 71
38 870 167 41 27
38 802 167 52 26
38 734 166 50 20
38 661 166 54 22
38 580 156 55 29
38 836 125 142 37
38 484 95 341 54
38 536 48 399 64
39 489 677 194 41
39 1112 656 29 54
39 487 627 216 54
39 216 609 32 8
39 483 587 209 52
39 1246 571 33 50
39 482 558 141 41
39 474 522 109 38
39 475 483 76 34
39 1208 472 61 91
39 469 446 110 31
39 1250 419 16 18
39 468 408 74 27
39 1016 384 15 6
39 464 369 79 27
39 203 363 29 69
39 461 327 153 31
39 1001 312 23 19
39 1073 252 19 12
39 456 248 133 69
39 888 145 46 23
39 818 144 52 24
39 749 141 49 25
39 678 139 51 23
39 593 126 59 37
39 856 100 140 35
39 498 21 459 104
40 546 699 46 20
40 1159 676 14 14
40 1155 655 9 13
40 511 649 195 51
40 1142 630 23 24
40 509 598 216 53
40 638 560 74 29
40 502 532 141 76
40 496 494 107 34
40 496 451 82 35
40 1234 445 45 94
40 491 414 106 32
40 221 344 20 49
40 486 337 75 70
40 482 293 151 38
40 1021 277 32 26
40 479 255 41 31
40 1024 231 30 21
40 1103 220 20 11
40 477 216 135 37
40 914 106 45 28
40 845 106 57 28
40 776 104 51 26
40 701 103 55 24
40 619 91 55 35
40 882 61 145 36
40 518 26 352 60
40 575 4 37 17
40 619 1 368 47
41 521 695 85 24
41 1177 668 15 19
41 520 639 196 44
41 1159 624 27 36
41 518 589 221 51
41 515 551 210 47
41 512 521 143 36
41 507 482 108 35
41 509 441 79 35
41 1248 434 31 96
41 502 403 110 34
41 498 363 75 30
41 1055 337 25 18
41 496 325 83 29
41 218 321 33 63
41 493 280 156 32
41 1031 264 41 29
41 489 238 49 34
41 1035 220 37 26
41 1120 208 24 12
41 488 198 133 33
41 936 91 41 27
41 863 88 55 30
41 793 84 52 28
41 716 84 56 24
41 633 74 60 32
41 903 43 142 41
41 536 15 352 52
41 749 1 256 30
42 541 683 83 35
42 537 645 46 32
42 587 628 148 39
42 1183 617 33 63
42 532 577 222 54
42 528 540 211 46
42 523 510 151 38
42 518 468 115 35
42 518 428 89 29
42 515 391 114 27
42 511 348 78 27
42 510 309 83 26
42 222 298 34 70
42 509 264 156 34
42 1044 249 46 53
42 507 223 48 29
42 1050 207 44 25
42 1144 193 23 18
42 506 181 138 32
42 960 82 39 20
42 888 74 53 29
42 813 66 55 31
42 736 66 59 25
42 653 56 59 32
42 927 25 145 41
42 999 2 27 18
42 552 1 356 49
43 550 678 83 34
43 546 637 47 32
43 597 619 148 41
43 1200 615 34 63
43 542 574 223 47
43 538 533 211 45
43 534 501 145 36
43 528 460 115 38
43 528 381 109 73
43 523 339 77 32
43 1086 330 23 11
43 521 302 82 28
43 230 296 33 62
43 519 254 156 35
43 1051 245 53 49
43 518 204 42 37
43 1055 197 50 44
43 1159 188 25 16
43 518 168 135 35
43 972 65 46 30
43 900 63 57 28
43 826 62 54 24
43 749 49 60 35
43 664 41 69 38
43 937 17 150 44
43 570 1 357 44
44 662 713 25 4
44 560 667 86 34
44 559 615 198 43
44 1227 605 33 67
44 556 563 223 49
44 551 521 215 46
44 550 490 146 36
44 543 448 113 34
44 544 409 88 26
44 541 367 112 28
44 538 321 76 32
44 1106 311 27 16
44 232 290 30 56
44 536 282 85 31
44 530 236 164 35
44 1063 188 60 99
44 1184 175 18 11
44 529 152 141 77
44 994 48 43 24
44 918 43 58 31
44 844 41 56 27
44 766 33 61 29
44 683 24 61 30
44 957 1 155 40
44 803 1 146 24
45 624 699 79 20
45 568 659 83 35
45 1251 624 21 40
45 1237 601 29 21
45 561 601 204 46
45 560 554 228 46
45 557 513 218 44
45 555 480 147 36
45 551 435 113 42
45 548 353 110 74
45 232 308 18 28
45 541 307 79 34
45 1108 294 41 27
45 539 268 86 35
45 538 225 164 36
45 537 184 47 27
45 1067 179 65 103
45 1192 166 23 11
45 532 138 144 33
45 1007 36 44 27
45 930 29 54 32
45 779 25 53 22
45 858 24 51 29
45 693 9 58 32
45 975 1 147 26
46 788 701 34 18
46 574 687 139 32
46 570 649 87 32
46 1269 619 6 26
46 570 592 205 45
46 1256 591 19 19
46 566 539 229 51
46 560 464 220 78
46 555 422 117 33
46 552 339 115 75
46 550 289 75 34
46 1120 287 41 21
46 239 268 15 23
46 550 249 82 33
46 546 205 161 34
46 328 199 23 28
46 1062 168 80 96
46 542 158 50 32
46 1204 147 23 17
46 541 116 146 38
46 1019 22 41 23
46 940 11 55 32
46 863 3 58 31
46 786 2 61 24
46 710 1 51 19
47 799 697 36 22
47 578 678 139 41
47 576 639 89 35
47 573 582 204 48
47 1265 581 14 33
47 570 533 232 47
47 224 507 20 5
47 569 490 220 47
47 565 453 151 39
47 560 412 118 36
47 559 368 94 30
47 557 327 117 31
47 555 279 78 32
47 1131 271 43 29
47 214 257 28 60
47 553 240 86 31
47 551 190 162 39
47 329 189 17 23
47 1062 158 85 103
47 1132 157 14 13
47 550 144 47 36
47 1216 140 16 13
47 547 103 147 35
47 1051 15 20 16
47 1033 11 9 16
47 954 2 50 25
47 832 2 20 10
47 880 1 50 19
48 818 692 30 22
48 587 671 139 42
48 584 628 88 32
48 582 585 51 33
48 639 574 151 38
48 579 523 233 46
48 209 485 31 10
48 576 476 221 41
48 574 442 152 34
48 569 395 119 41
48 569 348 96 36
48 566 309 118 31
48 1152 268 35 14
48 565 261 81 32
48 204 234 41 65
48 565 221 88 29
48 560 172 173 39
48 1064 143 99 107
48 1233 127 22 11
48 560 122 48 35
48 557 77 149 41
48 1048 1 44 17
49 827 687 30 23
49 589 667 139 42
49 589 619 85 40
49 585 564 210 48
49 583 516 233 43
49 198 476 28 9
49 580 469 223 48
49 574 432 159 37
49 570 387 124 38
49 576 343 89 29
49 570 298 122 37
49 568 245 81 40
49 203 230 32 55
49 564 207 91 34
49 565 157 170 42
49 1060 135 112 108
49 1241 117 15 15
49 561 65 151 83
50 653 701 54 18
50 708 695 53 24
50 838 680 29 23
50 589 658 141 43
50 588 615 87 36
50 585 557 212 44
50 584 503 234 48
50 177 466 32 6
50 578 421 228 80
50 573 373 121 41
50 573 326 97 37
50 569 286 125 36
50 566 188 89 82
50 566 143 172 41
50 294 127 53 61
50 1055 122 112 107
50 1246 106 19 12
50 565 43 150 84
51 630 687 133 32
51 847 674 30 32
51 1269 665 10 15
51 592 647 144 48
51 591 605 92 35
51 589 546 209 52
51 587 494 240 50
51 1086 457 24 12
51 584 448 229 48
51 582 412 156 37
51 575 363 122 40
51 573 270 121 83
51 569 221 86 33
51 171 197 41 60
51 569 179 95 30
51 569 125 175 43
51 299 117 42 44
51 1053 107 114 111
51 1255 93 13 10
51 568 74 48 34
51 566 26 155 45
52 602 673 186 46
52 867 659 29 50
52 600 633 145 47
52 597 589 90 38
52 596 531 212 47
52 592 476 240 52
52 591 430 229 47
52 591 393 157 39
52 583 345 123 39
52 580 250 122 81
52 576 198 86 38
52 162 166 36 56
52 574 153 95 37
52 573 102 176 42
52 280 88 58 70
52 1051 81 121 110
52 570 40 51 46
52 569 1 157 40
53 607 660 181 58
53 872 654 35 46
53 601 624 144 45
53 600 577 89 40
53 597 519 215 50
53 593 463 243 54
53 591 417 233 51
53 591 381 161 35
53 587 332 120 41
53 585 286 96 35
53 583 238 124 34
53 1192 198 21 10
53 576 184 86 38
53 571 139 100 32
53 145 129 49 92
53 573 82 181 47
53 263 70 74 84
53 1051 65 117 114
53 571 30 50 37
53 571 1 162 25
54 895 697 13 15
54 601 653 188 59
54 876 644 35 50
54 600 614 144 46
54 594 569 94 41
54 593 505 215 53
54 591 453 245 54
54 588 404 233 51
54 588 368 160 39
54 582 320 125 34
54 579 264 99 40
54 580 218 124 43
54 1179 182 23 16
54 571 164 91 41
54 141 164 28 30
54 132 145 20 13
54 570 118 99 35
54 570 62 183 45
54 1040 48 120 118
54 246 45 89 86
54 568 8 53 39
55 596 646 192 62
55 876 636 36 76
55 591 606 145 52
55 589 563 95 37
55 588 498 215 59
55 585 445 245 53
55 582 394 235 54
55 579 358 163 37
55 571 309 131 43
55 569 208 128 85
55 568 154 85 36
55 562 106 102 38
55 564 48 184 50
55 1031 43 120 113
55 239 36 64 77
55 561 1 54 34
56 588 651 119 48
56 710 636 75 37
56 873 626 36 86
56 580 596 146 50
56 578 554 96 38
56 575 487 222 55
56 570 432 251 55
56 569 381 238 53
56 565 346 169 40
56 561 291 129 41
56 559 244 105 36
56 559 189 129 42
56 88 147 14 20
56 553 132 91 40
56 80 123 15 13
56 553 84 98 41
56 1008 41 118 103
56 1081 30 32 23
56 550 26 188 50
56 210 24 70 75
57 580 626 208 69
57 871 614 41 92
57 575 589 149 51
57 570 545 96 42
57 569 499 55 37
57 628 482 161 45
57 566 423 249 54
57 58 384 37 6
57 562 372 236 54
57 559 332 165 41
57 553 280 131 45
57 553 226 103 44
57 550 177 130 44
57 1146 150 24 6
57 546 122 87 39
57 543 72 97 36
57 995 22 118 112
57 542 15 189 48
57 185 8 73 96
58 898 671 16 25
58 569 617 217 74
58 879 613 34 47
58 566 583 149 56
58 564 536 92 44
58 559 467 225 60
58 556 413 252 56
58 131 367 5 45
58 553 359 242 55
58 552 320 165 44
58 547 268 127 43
58 539 163 131 89
58 1126 131 39 17
58 1 130 15 15
58 533 103 91 42
58 529 44 103 45
58 167 33 31 34
58 969 21 122 104
58 1048 13 25 22
58 529 1 195 43
59 566 615 219 75
59 888 608 33 89
59 564 580 151 57
59 559 533 96 44
59 556 463 223 63
59 553 409 254 58
59 7 382 24 8
59 548 353 244 61
59 548 311 165 42
59 543 258 131 45
59 537 204 105 41
59 534 149 135 46
59 1124 129 28 9
59 528 90 96 44
59 524 41 104 38
59 136 17 51 62
59 960 16 122 101
59 1032 8 24 17
59 528 1 189 29
60 569 608 216 79
60 898 599 38 93
60 565 574 151 57
60 557 526 98 46
60 555 480 60 37
60 617 454 167 53
60 552 395 255 62
60 548 344 246 59
60 547 304 166 40
60 541 246 131 44
60 534 184 109 45
60 532 135 137 46
60 960 90 31 17
60 527 72 96 45
60 521 22 105 40
60 950 8 115 89
60 1024 6 17 6
60 648 1 72 15
61 925 658 24 36
61 570 605 220 80
61 912 598 36 53
61 566 568 153 62
61 560 523 102 46
61 557 450 231 64
61 553 391 260 63
61 82 385 4 29
61 80 350 8 17
61 550 336 247 58
61 548 294 169 41
61 544 236 130 46
61 537 179 107 42
61 533 126 137 44
61 527 61 96 43
61 523 7 106 40
61 943 3 120 97
62 583 604 219 84
62 936 596 40 100
62 576 568 155 63
62 570 523 104 48
62 568 444 229 70
62 562 381 262 70
62 556 328 251 63
62 553 287 177 45
62 550 226 133 45
62 544 167 105 42
62 542 108 136 48
62 532 43 100 46
62 936 1 136 85
62 534 1 101 28
63 964 667 27 38
63 952 606 37 56
63 588 606 220 88
63 579 573 156 64
63 575 522 100 52
63 569 478 64 38
63 637 445 165 58
63 565 381 262 72
63 966 330 26 23
63 559 326 256 67
63 556 286 177 45
63 552 223 133 47
63 547 166 106 42
63 542 106 139 43
63 533 40 99 45
63 1 26 10 22
63 928 6 135 76
63 541 1 98 21
64 969 608 43 101
64 593 606 223 97
64 587 574 153 71
64 578 528 103 52
64 574 482 61 40
64 638 442 170 65
64 566 378 263 76
64 30 378 13 30
64 18 340 20 36
64 560 323 256 70
64 557 282 177 50
64 551 218 136 52
64 546 162 105 43
64 539 97 140 50
64 529 31 100 48
64 916 3 121 69
64 555 1 78 14
65 989 614 39 96
65 600 608 220 101
65 591 577 156 74
65 585 533 103 52
65 576 444 235 84
65 569 378 265 80
65 2 348 15 24
65 168 331 17 18
65 564 321 254 74
65 559 280 176 52
65 552 218 135 52
65 546 158 105 46
65 539 94 142 51
65 527 27 101 50
65 900 3 123 60
66 1039 690 10 15
66 1014 621 36 60
66 614 618 221 101
66 607 589 154 80
66 598 542 98 58
66 591 451 231 88
66 1 396 14 54
66 583 381 258 90
66 160 341 16 18
66 574 327 253 81
66 159 320 12 11
66 570 286 177 57
66 150 268 13 14
66 560 222 136 59
66 550 161 107 48
66 546 98 139 50
66 533 30 99 49
66 886 3 117 54
67 1039 651 37 62
67 676 645 169 74
67 615 615 159 85
67 608 571 103 59
67 601 473 229 94
67 592 401 261 93
67 157 367 14 15
67 587 348 249 82
67 580 305 172 57
67 568 239 138 57
67 552 113 144 113
67 542 43 101 46
67 1 6 34 55
67 880 3 125 69
67 544 1 100 21
68 1076 701 19 18
68 806 695 53 24
68 657 665 132 54
68 621 618 100 62
68 615 517 230 98
68 605 445 257 96
68 144 414 14 8
68 598 389 249 84
68 596 348 165 57
68 132 330 17 13
68 125 308 20 15
68 585 281 130 60
68 565 156 139 112
68 552 85 97 45
68 550 20 102 43
68 866 7 134 106
68 937 3 27 14
68 1 1 66 85
69 740 688 58 31
69 640 645 96 59
69 633 540 226 97
69 209 480 15 42
69 620 469 257 99
69 140 432 13 19
69 137 410 15 13
69 610 409 248 86
69 608 368 167 59
69 121 311 28 70
69 597 302 129 62
69 585 232 102 57
69 578 173 137 54
69 568 106 92 43
69 561 35 101 49
69 862 22 127 117
69 606 1 146 24
69 1 1 98 108
70 666 665 97 54
70 660 562 228 98
70 218 521 17 20
70 221 496 11 23
70 649 487 256 98
70 143 455 16 11
70 640 428 248 86
70 635 384 165 61
70 128 337 26 64
70 632 317 124 56
70 614 246 101 57
70 610 189 133 51
70 597 116 90 46
70 868 43 130 115
70 594 41 95 53
70 594 1 186 37
70 1 1 108 130
71 710 686 67 33
71 683 578 219 98
71 218 532 18 26
71 222 508 10 20
71 671 501 247 98
71 660 442 240 89
71 653 396 167 61
71 130 335 24 77
71 651 330 123 56
71 639 258 92 54
71 638 200 122 53
71 617 125 91 45
71 870 63 126 117
71 612 1 185 99
71 1 1 121 143
72 713 605 210 95
72 213 553 22 27
72 216 531 16 19
72 698 526 245 95
72 685 468 237 81
72 684 414 159 61
72 120 354 30 80
72 679 348 118 62
72 671 276 86 54
72 665 214 123 50
72 651 136 82 49
72 877 93 117 105
72 644 66 91 54
72 643 3 182 62
72 1 1 135 144
73 742 617 199 89
73 212 559 21 23
73 216 539 15 12
73 719 537 239 94
73 706 475 235 83
73 708 426 153 61
73 694 353 121 61
73 120 350 28 84
73 688 284 88 48
73 688 217 116 53
73 675 145 76 44
73 894 104 102 101
73 670 67 83 53
73 665 4 173 64
73 1 1 145 143
74 797 645 184 74
74 223 576 30 24
74 762 565 233 97
74 228 546 18 21
74 757 499 224 82
74 141 496 16 17
74 141 473 12 10
74 749 449 150 58
74 740 372 117 60
74 132 355 28 90
74 730 236 113 116
74 948 194 42 24
74 932 157 68 38
74 721 157 73 48
74 930 132 10 15
74 950 118 32 27
74 711 77 83 52
74 710 11 167 69
74 1 1 149 160
75 913 678 99 41
75 237 608 28 27
75 803 596 224 98
75 239 576 25 24
75 793 530 215 88
75 152 527 8 15
75 777 476 151 61
75 774 400 107 66
75 139 378 32 98
75 762 326 87 51
75 761 255 110 56
75 968 226 30 15
75 966 200 15 17
75 986 194 22 22
75 756 177 61 50
75 960 145 34 22
75 742 94 82 64
75 739 29 168 74
75 1 11 165 180
76 242 658 34 29
76 850 641 214 78
76 244 626 28 20
76 836 576 208 86
76 149 574 19 18
76 149 545 19 13
76 827 518 137 62
76 141 453 30 65
76 818 442 102 66
76 246 380 17 20
76 806 364 76 54
76 799 295 109 57
76 793 213 61 49
76 777 65 159 126
76 1 49 174 187
77 237 688 37 29
77 964 677 114 42
77 240 655 34 26
77 259 622 17 20
77 858 604 205 93
77 141 596 19 22
77 140 572 20 17
77 149 555 8 14
77 850 551 132 66
77 139 501 24 49
77 845 473 92 66
77 136 455 32 44
77 246 404 16 22
77 831 391 69 62
77 822 328 100 56
77 809 243 62 48
77 798 161 72 52
77 799 94 151 67
77 1 72 171 176
78 232 704 28 15
78 253 673 14 18
78 902 653 181 66
78 131 650 9 18
78 125 617 24 19
78 885 595 124 65
78 121 523 31 68
78 875 517 85 69
78 125 496 27 21
78 242 445 18 24
78 862 439 61 57
78 245 376 17 25
78 853 369 92 54
78 838 281 56 50
78 831 207 59 46
78 831 138 129 64
78 1 112 163 161
78 843 9 85 49
79 262 703 11 14
79 984 680 124 39
79 130 678 13 18
79 125 645 23 15
79 916 626 117 66
79 121 572 32 49
79 123 549 27 22
79 902 545 80 70
79 122 516 35 23
79 891 473 39 43
79 241 468 26 28
79 250 401 14 25
79 881 393 83 58
79 866 308 46 46
79 856 230 55 52
79 850 157 132 69
79 1 130 167 163
79 835 17 109 62
80 140 676 23 18
80 972 665 113 54
80 137 604 31 64
80 959 580 77 71
80 136 544 36 56
80 960 509 20 18
80 263 495 23 27
80 269 426 18 29
80 936 421 74 57
80 916 336 42 48
80 903 186 121 122
80 1 147 185 189
80 871 25 114 81
80 1246 20 33 29
81 144 696 27 16
81 1016 686 101 33
81 144 645 27 29
81 999 599 66 70
81 141 594 35 47
81 143 560 35 26
81 272 512 27 29
81 280 442 20 31
81 966 441 76 55
81 948 350 43 55
81 939 271 43 54
81 936 200 115 70
81 1 158 200 191
81 900 43 110 75
82 141 649 31 46
82 1051 626 62 60
82 141 614 37 27
82 143 587 35 23
82 280 535 26 30
82 288 464 24 30
82 1013 458 69 54
82 992 364 43 52
82 980 287 42 45
82 978 217 105 65
82 1 172 208 201
82 955 66 87 64
83 143 667 34 45
83 1094 632 52 58
83 143 630 38 29
83 143 598 41 30
83 285 546 37 31
83 295 475 27 28
83 1056 466 54 46
83 1013 290 31 51
83 1009 221 99 66
83 157 211 55 48
83 1 177 149 208
83 984 75 84 59
84 1154 653 45 51
84 149 628 45 86
84 303 572 38 28
84 310 494 30 34
84 1118 480 45 43
84 1072 313 19 33
84 1059 230 93 65
84 1 198 223 214
84 1022 80 81 61
85 176 710 24 8
85 1209 663 34 47
85 160 639 50 64
85 315 580 44 37
85 322 507 37 30
85 1164 483 40 43
85 1106 239 72 57
85 1 208 235 228
85 1064 88 62 48
86 198 646 47 64
86 355 585 44 33
86 363 507 36 30
86 1199 232 65 59
86 1 207 267 230
87 231 650 49 63
87 390 586 47 41
87 396 512 35 32
87 40 209 263 235
88 264 672 53 29
88 428 606 50 36
88 434 523 40 36
88 273 245 62 66
88 76 221 196 241
89 269 681 53 29
89 440 614 52 39
89 446 528 45 41
89 79 227 267 246
90 273 674 55 29
90 509 668 10 17
90 455 605 55 39
90 463 521 44 38
90 290 238 62 69
90 76 214 200 250
91 283 660 54 58
91 518 658 19 23
91 466 592 58 41
91 472 509 51 39
91 295 217 65 65
91 73 195 213 258
92 550 685 19 29
92 294 647 53 66
92 539 640 21 28
92 484 577 67 42
92 491 490 55 38
92 79 161 294 275
93 561 681 23 33
93 301 639 55 71
93 551 636 27 31
93 496 574 70 41
93 507 483 55 41
93 82 144 305 278
94 588 687 24 32
94 312 642 56 71
94 576 639 30 32
94 516 574 78 44
94 527 481 61 46
94 336 163 70 71
94 91 130 246 289
95 605 688 24 31
95 319 645 58 69
95 598 641 25 30
95 532 573 83 46
95 542 480 63 44
95 1 248 16 34
95 349 167 69 71
95 95 115 263 304
96 639 695 28 23
96 337 645 62 72
96 633 644 25 29
96 561 571 94 48
96 571 473 72 45
96 1 250 23 21
96 283 208 64 87
96 376 150 65 85
96 319 123 69 68
96 109 102 206 311
97 665 697 32 22
97 355 686 61 32
97 655 647 38 33
97 354 646 62 39
97 589 571 96 48
97 597 473 75 49
97 1 246 39 27
97 440 217 15 10
97 125 89 336 329
98 697 708 25 11
98 369 658 65 61
98 683 655 43 39
98 611 578 106 53
98 621 476 87 52
98 1 250 46 26
98 322 212 62 83
98 132 76 354 349
99 364 671 65 32
99 694 660 50 41
99 623 581 117 58
99 632 482 94 51
99 1 254 37 31
99 323 217 63 83
99 127 72 359 363
100 368 694 68 25
100 716 683 56 36
100 639 598 128 61
100 736 544 20 34
100 648 499 101 55
100 1 276 20 24
100 111 72 385 378
101 735 700 54 19
101 651 614 139 64
101 658 509 119 90
101 1 289 15 25
101 103 76 406 388
102 672 641 149 68
102 679 526 129 92
102 324 259 66 87
102 96 84 423 407
103 684 655 159 63
103 692 540 140 91
103 329 250 75 100
103 91 81 443 419
104 715 662 166 57
104 838 595 28 42
104 720 541 148 71
104 265 335 48 58
104 338 250 78 94
104 88 61 468 443
105 742 663 180 56
105 747 539 161 103
105 349 248 85 91
105 91 49 485 452
106 788 656 208 63
106 794 526 182 109
106 1 296 16 32
106 582 245 12 12
106 381 241 87 86
106 114 22 500 461
107 824 649 220 70
107 830 516 192 108
107 132 9 519 468
108 881 627 242 78
108 885 492 218 120
108 355 302 10 15
108 373 289 29 51
108 38 286 19 17
108 434 199 95 99
108 160 1 539 465
109 923 613 256 83
109 925 475 231 117
109 392 282 27 44
109 39 282 33 20
109 456 200 90 86
109 684 179 31 21
109 175 1 545 465
110 1248 703 22 15
110 987 583 288 97
110 985 441 252 132
110 70 291 18 11
110 579 205 8 21
110 570 168 10 12
110 198 1 564 462
111 1196 696 83 23
111 1036 576 243 93
111 1211 481 68 67
111 1032 419 247 112
111 49 277 59 32
111 509 179 84 88
111 592 157 9 10
111 674 143 11 14
111 212 1 581 462
112 1115 580 164 75
112 1106 419 173 91
112 79 284 57 27
112 445 270 24 21
112 475 250 32 61
112 541 157 111 95
112 241 1 598 461
113 1168 581 111 65
113 1160 419 119 79
113 99 291 44 21
113 560 152 120 96
113 745 108 8 15
113 799 85 18 17
113 777 40 39 31
113 251 2 526 462
114 1246 573 33 48
114 1228 410 51 61
114 80 272 70 33
114 584 121 106 102
114 776 77 10 17
114 766 47 36 21
114 260 6 370 442
114 630 4 105 99
115 716 681 131 38
115 127 259 26 18
115 598 90 113 100
115 799 45 14 9
115 793 15 15 16
115 269 4 347 422
115 646 1 93 80
116 772 695 140 24
116 756 636 139 47
116 408 246 28 40
116 630 25 108 92
116 286 1 367 374
117 610 691 32 6
117 107 681 42 29
117 790 662 156 56
117 784 600 143 60
117 131 168 38 21
117 745 7 7 13
117 296 1 440 342
118 898 703 96 16
118 632 663 47 28
118 128 658 41 25
118 835 635 165 59
118 826 569 156 62
118 447 175 25 56
118 168 136 16 13
118 711 11 13 13
118 308 1 340 310
119 894 692 146 27
119 653 646 59 35
119 150 644 39 29
119 1 635 16 23
119 872 619 172 61
119 1 595 14 36
119 862 555 164 64
119 468 153 28 47
119 326 1 346 288
120 953 673 155 45
120 713 635 44 29
120 173 633 43 23
120 927 598 187 62
120 917 533 177 63
120 418 290 18 12
120 207 108 12 14
120 349 53 18 27
120 355 1 257 278
121 989 655 165 48
121 185 624 42 30
121 717 621 69 35
121 960 578 199 66
121 949 512 187 68
121 510 115 31 49
121 216 97 16 12
121 364 1 244 262
122 1081 685 115 34
122 1040 626 176 55
122 198 615 44 29
122 776 598 45 35
122 210 567 27 18
122 1009 550 215 71
122 998 476 197 77
122 553 138 13 14
122 532 112 19 28
122 591 91 21 15
122 544 86 16 16
122 383 1 233 235
123 1122 677 120 42
123 1081 615 185 58
123 204 614 49 31
123 777 586 71 42
123 218 564 27 16
123 1045 535 229 74
123 1031 460 214 79
123 231 70 20 19
123 391 1 244 228
124 1191 667 88 46
124 1142 606 137 52
124 216 604 47 42
124 809 574 86 44
124 213 557 49 44
124 1103 530 176 66
124 1086 445 193 76
124 571 71 16 33
124 241 54 23 22
124 498 6 12 11
124 406 1 199 213
125 1238 685 41 34
125 1187 624 92 48
125 836 582 86 48
125 214 568 54 88
125 1144 539 130 66
125 1126 460 153 71
125 652 25 10 11
125 416 1 194 208
126 207 650 56 36
126 1243 649 36 39
126 856 601 99 52
126 203 598 55 39
126 1199 568 80 54
126 1173 485 106 57
126 251 77 9 14
126 415 1 275 226
127 1272 653 7 25
127 1 639 15 17
127 871 599 100 50
127 192 595 62 96
127 1222 569 57 49
127 1200 480 79 57
127 671 54 10 11
127 651 18 33 26
127 410 1 224 221
128 207 626 58 38
128 909 598 64 30
128 949 590 22 9
128 982 580 31 16
128 200 574 63 49
128 416 1 171 188
129 186 678 13 13
129 944 568 112 47
129 210 562 73 93
129 242 27 20 18
129 433 25 12 9
129 431 1 166 171
130 253 700 21 10
130 269 650 13 9
130 245 583 63 36
130 1004 527 116 53
130 241 527 60 49
130 452 6 176 137
131 282 667 24 43
131 285 621 25 16
131 274 554 64 51
131 1124 527 17 6
131 1059 527 53 21
131 1050 513 33 15
131 267 499 64 46
131 1095 495 87 32
131 482 7 70 78
131 561 6 100 92
132 317 659 16 9
132 317 632 23 19
132 318 587 27 8
132 304 514 68 50
132 1236 476 29 15
132 299 462 69 43
132 1123 453 140 54
132 1 209 21 14
132 536 9 11 12
133 324 635 22 18
133 326 609 26 23
133 329 565 30 12
133 319 494 67 48
133 315 437 63 39
133 1165 425 112 48
133 1 303 23 173
133 1 186 34 21
133 1 135 34 18
134 45 682 12 26
134 342 604 18 18
134 341 574 31 27
134 382 553 15 16
134 342 524 39 24
134 335 460 69 53
134 323 404 72 53
134 1229 385 48 22
134 1 272 29 179
134 1 153 7 15
134 1 106 35 19
135 378 701 45 7
135 49 671 17 16
135 352 586 15 13
135 354 558 25 20
135 359 508 25 19
135 301 504 23 23
135 337 440 77 55
135 335 384 71 51
135 1 250 31 187
135 1 131 35 30
135 1 86 35 21
136 365 699 41 20
136 404 680 43 11
136 56 649 20 63
136 365 533 31 47
136 369 516 14 8
136 313 486 27 19
136 367 478 37 27
136 322 464 11 9
136 355 409 76 63
136 352 354 71 40
136 1 298 34 82
136 1 268 17 26
136 1 108 39 31
136 1 63 38 21
137 379 697 87 22
137 386 667 79 14
137 59 644 25 65
137 376 553 23 18
137 379 526 27 24
137 369 472 51 23
137 327 471 27 21
137 318 453 29 19
137 365 399 78 61
137 359 343 77 41
137 1 257 38 102
137 1 216 15 33
137 1 185 10 26
137 1 89 44 40
137 1 45 42 29
138 415 683 83 18
138 80 662 16 32
138 404 563 23 24
138 402 535 34 25
138 400 478 45 26
138 331 458 43 51
138 387 403 82 68
138 378 346 77 48
138 1 189 56 187
138 34 118 22 18
138 2 107 29 18
138 3 56 54 26
139 429 690 82 11
139 90 671 17 15
139 418 567 20 22
139 414 516 33 43
139 414 483 42 24
139 341 463 45 45
139 404 405 83 66
139 392 345 83 49
139 1 266 65 114
139 1 207 43 55
139 3 113 65 26
139 1 63 65 21
140 443 683 93 18
140 95 655 23 63
140 433 533 33 47
140 429 471 53 25
140 355 453 49 48
140 416 393 90 69
140 406 334 94 57
140 26 259 47 113
140 1 188 56 65
140 9 103 61 24
140 25 54 47 22
141 450 705 16 13
141 460 680 88 15
141 99 642 21 66
141 445 523 34 94
141 438 460 53 27
141 364 440 45 54
141 424 375 96 76
141 410 320 102 55
141 4 170 71 185
141 8 89 71 29
141 26 41 50 24
142 463 697 84 22
142 468 662 98 20
142 102 623 20 65
142 466 569 20 48
142 460 533 28 26
142 457 509 39 19
142 456 482 24 21
142 454 450 56 27
142 382 449 40 24
142 376 431 30 18
142 445 363 97 72
142 437 304 92 59
142 17 150 64 184
142 58 79 23 19
142 20 70 32 20
142 32 17 48 26
143 473 696 88 23
143 108 667 17 16
143 477 662 105 19
143 105 621 15 30
143 480 568 20 47
143 469 533 33 25
143 469 501 41 26
143 470 475 22 20
143 466 441 59 27
143 381 422 56 53
143 452 359 104 71
143 447 294 99 58
143 40 255 44 80
143 15 145 57 108
143 56 71 25 17
143 20 63 33 19
143 35 12 42 21
144 495 681 112 19
144 497 577 19 23
144 487 544 25 24
144 487 482 42 57
144 480 450 62 28
144 391 428 57 50
144 470 360 106 75
144 457 295 109 60
144 18 152 68 193
144 21 67 29 18
144 36 17 48 24
145 108 700 14 12
145 507 690 114 23
145 409 669 25 8
145 111 653 6 24
145 505 590 23 56
145 495 553 34 25
145 489 455 63 93
145 400 440 56 54
145 478 367 110 84
145 468 302 111 62
145 43 276 45 78
145 43 241 34 32
145 21 167 45 65
145 20 76 69 30
145 34 22 54 25
146 511 701 123 17
146 514 595 33 61
146 497 457 73 126
146 401 442 63 66
146 473 300 132 153
146 39 246 49 114
146 17 170 44 69
146 18 85 61 19
146 35 30 51 27
147 597 706 47 13
147 527 703 65 14
147 94 672 11 10
147 520 595 31 61
147 515 554 29 27
147 402 442 63 66
147 483 293 131 257
147 27 245 54 113
147 11 167 46 71
147 17 82 69 30
147 35 20 46 30
148 525 703 132 15
148 406 681 32 14
148 79 669 14 14
148 524 590 36 68
148 399 435 69 66
148 500 339 129 241
148 488 279 136 81
148 22 277 45 82
148 20 240 41 32
148 1 159 52 72
148 11 74 64 28
148 30 24 49 20
149 625 704 37 13
149 528 700 82 17
149 409 681 28 11
149 528 587 36 68
149 524 546 35 31
149 400 434 68 64
149 492 270 145 271
149 1 147 62 207
149 48 79 24 20
149 1 68 39 20
149 18 13 50 27
150 533 708 77 10
150 396 682 31 17
150 39 672 17 31
150 527 591 43 68
150 524 544 38 33
150 390 431 75 68
150 1 405 10 29
150 505 321 147 220
150 497 259 146 81
150 1 141 47 216
150 26 67 30 17
150 1 54 20 21
150 1 3 57 27
151 1 682 14 24
151 515 599 45 72
151 372 435 74 79
151 497 331 149 258
151 491 266 152 78
151 1 4 34 21
152 364 704 19 11
152 509 605 50 76
152 182 455 13 20
152 356 437 78 90
152 492 330 155 260
152 482 263 158 82
153 509 606 48 74
153 345 434 84 84
153 492 323 163 268
153 484 257 165 79
154 347 704 25 11
154 510 599 50 81
154 340 427 85 92
154 492 320 168 269
154 484 246 174 85
155 329 690 40 20
155 346 637 14 10
155 509 594 57 75
155 511 548 40 29
155 328 413 91 83
155 489 294 180 245
155 484 226 185 85
156 323 683 42 22
156 511 585 51 79
156 320 401 95 88
156 491 281 181 286
156 483 209 188 90
157 315 692 39 17
157 324 631 18 16
157 510 577 56 86
157 305 398 100 93
157 482 246 192 322
157 468 188 204 99
158 292 708 31 9
158 297 647 20 11
158 491 591 59 85
158 68 435 11 18
158 281 401 96 90
158 463 240 203 337
158 454 185 211 105
158 1 27 8 20
159 378 690 19 10
159 242 668 22 14
159 454 609 66 90
159 94 475 36 19
159 1 442 16 31
159 226 419 111 105
159 429 236 214 360
159 416 189 226 105
160 201 682 36 23
160 429 621 72 92
160 59 496 26 13
160 189 431 116 100
160 203 417 9 15
160 404 241 222 368
160 395 190 230 112
161 169 703 31 14
161 423 694 66 23
161 416 637 73 53
161 1 508 44 24
161 322 501 25 18
161 154 437 128 116
161 502 272 13 14
161 391 243 233 378
161 376 189 245 115
162 429 668 75 51
162 427 639 79 23
162 1 559 16 50
162 1 516 26 15
162 317 500 37 27
162 149 440 129 120
162 392 229 242 393
162 469 197 20 12
162 382 182 251 122
163 442 677 77 41
163 437 646 88 25
163 1 560 6 38
163 431 531 105 97
163 1 513 30 24
163 323 504 35 31
163 141 442 140 125
163 324 432 23 28
163 405 227 257 312
163 480 189 27 18
163 391 175 264 127
164 460 647 88 66
164 166 639 14 14
164 1 558 15 51
164 326 507 50 26
164 1 507 35 37
164 152 444 133 118
164 331 432 24 27
164 419 216 266 419
164 405 202 180 93
164 504 189 20 9
164 585 166 95 52
164 665 63 10 13
165 488 647 92 67
165 1 563 16 56
165 1 510 42 27
165 347 503 44 29
165 158 441 142 122
165 335 414 56 48
165 466 399 162 234
165 446 205 278 220
165 532 171 23 14
165 425 148 292 139
166 505 646 100 66
166 1 562 15 37
166 1 510 38 23
166 352 489 59 38
166 163 432 145 132
166 345 410 60 45
166 484 395 167 228
166 461 230 292 186
166 689 190 55 62
166 551 158 25 18
166 443 138 302 141
167 607 709 30 10
167 541 668 70 42
167 537 639 107 29
167 1 548 25 78
167 527 505 121 114
167 1 492 52 45
167 372 482 61 32
167 178 454 148 88
167 173 419 112 63
167 364 391 65 84
167 519 380 171 137
167 492 211 307 190
167 472 168 165 91
167 735 167 53 65
167 589 138 19 10
167 638 111 154 71
168 214 704 27 13
168 576 703 96 16
168 569 667 68 36
168 564 630 114 32
168 207 583 24 49
168 2 536 34 23
168 308 513 25 23
168 555 496 126 116
168 4 480 53 29
168 397 446 66 59
168 192 405 152 118
168 383 381 72 53
168 544 369 178 139
168 496 203 59 40
168 511 195 328 196
168 771 149 58 65
168 611 117 31 19
168 556 94 271 118
169 232 696 49 23
169 612 656 112 63
169 607 621 118 38
169 227 595 18 22
169 1 519 51 54
169 17 468 62 32
169 419 430 79 60
169 210 393 158 126
169 405 363 86 60
169 530 180 64 41
169 550 171 348 425
169 825 125 59 70
169 655 89 29 18
169 598 62 288 129
170 643 697 110 20
170 242 692 59 26
170 639 655 80 39
170 633 618 125 33
170 240 594 18 20
170 9 521 49 56
170 342 491 31 32
170 623 481 140 113
170 29 462 56 30
170 227 385 154 122
170 418 353 101 130
170 607 339 199 136
170 571 158 364 213
170 859 107 63 69
170 681 74 32 23
170 551 45 370 164
171 681 690 113 23
171 258 688 68 29
171 678 646 80 45
171 672 608 130 39
171 245 518 24 94
171 26 513 37 58
171 364 486 23 35
171 658 468 148 123
171 744 463 13 13
171 30 455 60 36
171 226 373 174 125
171 246 371 14 10
171 442 344 106 136
171 640 328 221 144
171 664 191 20 6
171 886 149 10 9
171 835 149 13 23
171 587 145 69 45
171 610 136 380 216
171 908 82 69 75
171 717 52 37 24
171 660 21 317 140
172 264 682 62 30
172 712 681 115 38
172 703 637 86 44
172 41 612 20 27
172 694 600 141 40
172 29 513 38 63
172 374 473 23 27
172 684 463 152 113
172 38 448 58 35
172 468 408 103 63
172 235 366 173 124
172 256 362 16 9
172 450 332 114 64
172 629 117 401 295
172 946 63 71 75
172 611 52 260 124
172 744 35 39 19
172 873 2 139 65
173 514 700 114 19
173 361 699 57 11
173 276 672 83 40
173 744 615 135 97
173 41 594 26 41
173 736 581 146 40
173 265 494 55 100
173 27 490 44 86
173 390 460 23 23
173 807 436 10 10
173 40 432 59 36
173 724 422 164 132
173 488 391 115 64
173 244 350 185 127
173 466 312 130 64
173 415 249 50 19
173 950 117 21 8
173 669 85 425 350
173 642 35 224 112
173 1004 27 74 77
173 866 13 55 37
173 925 1 75 28
173 790 1 35 21
174 529 690 119 29
174 282 660 81 53
174 402 659 31 46
174 780 655 136 46
174 44 583 24 40
174 767 567 153 84
174 276 483 29 102
174 24 482 52 83
174 399 450 30 32
174 38 425 66 32
174 849 423 72 39
174 501 371 129 70
174 952 368 23 13
174 255 339 186 127
174 486 302 138 73
174 447 232 37 16
174 1013 98 58 96
174 1078 91 58 89
174 666 82 82 45
174 689 63 324 477
174 751 17 145 72
174 1042 7 80 72
174 904 1 49 25
175 551 677 132 37
175 427 654 11 15
175 299 653 157 59
175 832 633 139 47
175 296 596 31 16
175 824 585 97 46
175 40 572 36 51
175 817 544 160 46
175 6 476 73 92
175 285 472 34 99
175 420 432 26 37
175 797 416 111 98
175 36 409 73 41
175 908 387 72 54
175 527 353 147 72
175 994 328 45 25
175 267 317 194 134
175 286 312 19 15
175 1077 308 22 13
175 502 271 155 72
175 772 230 279 166
175 446 208 63 27
175 1081 125 19 24
175 1154 79 51 61
175 735 77 128 194
175 703 63 54 35
175 1146 54 19 21
175 760 44 28 23
175 844 24 220 206
175 1104 4 79 36
175 795 1 125 52
176 570 667 136 52
176 438 645 21 15
176 306 639 163 70
176 867 619 143 52
176 305 585 36 32
176 848 533 170 88
176 4 457 84 147
176 294 454 30 103
176 429 417 31 33
176 41 398 68 37
176 830 373 188 134
176 834 372 11 10
176 539 341 163 72
176 271 304 202 133
176 295 295 20 16
176 523 253 164 81
176 461 191 63 26
176 1126 107 18 10
176 1209 62 46 50
176 771 48 314 300
176 731 41 55 35
176 789 21 32 26
176 880 4 221 205
176 826 1 68 29
177 600 659 148 60
177 324 636 172 65
177 925 608 153 52
177 323 578 32 20
177 602 569 24 12
177 918 557 108 53
177 50 554 32 52
177 908 516 179 43
177 21 449 69 96
177 310 441 36 108
177 450 407 37 37
177 48 387 72 36
177 884 377 123 110
177 1019 359 67 45
177 568 328 181 71
177 932 309 35 22
177 287 289 214 138
177 314 280 23 16
177 551 232 183 81
177 482 176 68 22
177 818 26 361 320
177 777 11 62 37
177 935 7 235 178
177 844 1 26 16
178 624 658 152 61
178 338 633 180 67
178 489 632 8 18
178 966 605 165 54
178 333 577 40 33
178 960 555 116 54
178 948 513 189 45
178 20 445 75 165
178 320 432 36 114
178 469 403 32 38
178 44 381 83 37
178 922 366 131 117
178 1067 348 70 46
178 584 317 196 77
178 1181 291 25 8
178 296 279 216 142
178 320 272 31 19
178 566 223 200 90
178 527 167 38 17
178 850 8 364 345
178 978 1 246 169
178 809 1 59 32
179 652 659 156 60
179 352 631 187 69
179 1028 608 176 54
179 361 594 25 12
179 349 573 33 18
179 1022 554 125 55
179 1008 512 202 46
179 32 434 63 169
179 337 428 35 116
179 495 391 29 41
179 985 373 141 117
179 44 371 88 42
179 1152 343 53 35
179 615 308 219 78
179 981 307 9 18
179 1040 291 29 23
179 313 271 229 148
179 338 259 27 20
179 591 213 218 83
179 954 156 325 155
179 547 149 51 23
179 717 33 25 15
179 909 13 144 198
179 1046 7 233 149
180 671 658 163 61
180 1076 646 87 22
180 1073 621 54 19
180 1128 615 131 25
180 361 615 198 80
180 520 614 35 30
180 666 599 21 7
180 1069 567 26 23
180 358 563 43 35
180 1064 555 127 55
180 1050 512 216 46
180 350 504 31 29
180 24 421 79 178
180 1044 416 132 60
180 345 413 31 85
180 507 384 34 48
180 1031 372 43 44
180 48 362 88 47
180 1188 335 77 49
180 630 300 233 81
180 1013 290 18 10
180 326 261 226 148
180 346 249 33 19
180 619 203 219 88
180 1091 159 12 9
180 533 139 88 31
180 946 68 333 225
180 1090 11 189 134
180 996 8 98 59
181 701 647 174 66
181 539 619 21 18
181 1136 614 143 45
181 377 613 205 69
181 561 599 17 20
181 1132 550 137 51
181 369 546 49 39
181 1117 498 162 51
181 17 405 95 184
181 1117 403 137 61
181 360 403 39 119
181 528 369 37 43
181 1097 364 39 31
181 48 340 92 50
181 661 285 242 77
181 337 240 245 146
181 359 229 38 21
181 648 182 229 88
181 1064 144 215 113
181 560 116 89 31
181 1167 27 69 95
181 1009 4 172 177
182 374 706 255 13
182 735 686 165 17
182 720 640 175 43
182 388 633 213 38
182 455 617 20 10
182 1254 612 25 18
182 1188 610 91 48
182 562 609 17 13
182 390 600 61 32
182 721 578 18 8
182 1179 574 100 24
182 1178 548 101 23
182 725 539 19 7
182 381 536 53 38
182 1164 492 115 48
182 377 431 32 69
182 370 390 34 26
182 18 390 98 183
182 1156 387 123 76
182 543 350 37 50
182 1140 340 65 50
182 48 323 96 48
182 679 267 253 82
182 346 225 248 148
182 372 208 37 22
182 666 166 242 91
182 1097 132 182 147
182 578 97 93 32
182 1054 22 177 146
182 1218 8 61 96
182 1122 3 33 10
183 378 697 294 21
183 416 645 117 15
183 758 627 192 65
183 413 615 220 43
183 411 585 98 34
183 610 576 19 14
183 756 559 18 6
183 436 548 16 9
183 1248 533 31 120
183 406 523 49 16
183 754 518 39 14
183 1240 475 39 46
183 395 412 39 82
183 32 371 93 188
183 392 369 35 24
183 1227 341 20 18
183 571 330 40 50
183 56 304 101 50
183 715 246 266 82
183 367 199 257 153
183 391 186 38 23
183 1187 148 92 57
183 702 139 251 93
183 1133 81 95 55
183 606 67 96 35
183 1241 57 15 14
184 413 688 283 31
184 798 665 183 18
184 788 619 187 44
184 1086 618 36 22
184 429 614 224 40
184 429 577 98 35
184 633 568 15 10
184 783 554 23 11
184 1022 536 17 9
184 614 519 19 32
184 433 513 42 41
184 406 450 42 28
184 40 364 97 189
184 409 358 31 74
184 591 323 42 49
184 59 291 105 52
184 738 226 274 88
184 378 186 269 154
184 408 170 38 20
184 719 143 140 75
184 864 122 123 66
184 624 50 102 35
184 1181 48 97 63
185 410 686 320 33
185 824 617 203 64
185 1137 612 59 43
185 447 604 237 47
185 447 574 101 32
185 807 537 42 18
185 1027 527 22 10
185 1068 518 20 17
185 616 510 68 88
185 441 504 57 41
185 818 498 38 16
185 984 495 39 19
185 79 449 66 96
185 429 440 41 28
185 431 390 33 42
185 45 353 91 75
185 425 349 36 27
185 620 312 44 46
185 66 281 110 50
185 770 214 295 86
185 395 170 281 157
185 428 156 41 21
185 756 122 146 82
185 905 104 128 64
185 655 27 108 38
186 420 685 333 34
186 849 614 213 66
186 1213 613 30 42
186 465 604 242 46
186 463 569 110 39
186 834 536 60 19
186 1042 517 41 18
186 1097 514 31 25
186 646 507 57 88
186 844 498 41 14
186 454 498 60 44
186 1036 492 18 12
186 457 460 17 12
186 442 431 45 28
186 451 409 26 18
186 446 382 32 26
186 47 345 102 195
186 441 340 37 32
186 38 313 21 15
186 639 300 45 52
186 67 271 114 60
186 797 205 297 86
186 410 159 289 163
186 442 145 46 22
186 783 113 142 81
186 936 90 133 69
186 675 24 109 32
187 446 682 346 37
187 986 658 18 20
187 1007 656 110 22
187 907 656 75 22
187 953 633 160 21
187 894 606 214 26
187 491 596 253 53
187 488 562 113 37
187 48 560 27 5
187 720 555 15 12
187 877 531 55 17
187 1010 519 14 12
187 1159 513 31 18
187 1062 512 21 15
187 1092 510 52 20
187 690 504 36 32
187 479 494 64 42
187 900 487 31 11
187 1060 478 57 26
187 468 426 43 32
187 473 371 31 24
187 54 331 104 205
187 464 330 41 25
187 40 309 28 14
187 674 289 46 52
187 77 263 118 59
187 839 184 316 95
187 431 145 304 162
187 469 129 41 27
187 822 95 151 81
187 986 71 137 70
187 712 8 88 31
188 465 681 361 38
188 940 656 224 22
188 930 604 224 47
188 509 596 266 48
188 720 562 23 20
188 44 560 37 7
188 510 549 113 49
188 747 546 18 13
188 913 514 67 32
188 1146 508 36 14
188 1022 507 45 23
188 1210 500 17 17
188 715 496 39 39
188 500 487 65 49
188 920 486 21 10
188 1100 471 56 52
188 487 421 46 25
188 491 368 34 27
188 61 328 112 205
188 486 323 37 30
188 699 280 48 51
188 89 257 119 55
188 109 231 14 8
188 871 175 326 95
188 448 134 313 168
188 489 120 41 23
188 856 80 152 86
188 1021 54 147 72
189 500 678 379 41
189 1004 626 237 47
189 991 598 241 25
189 155 598 73 23
189 546 594 280 47
189 48 555 41 14
189 544 548 117 43
189 963 499 81 36
189 1062 498 79 30
189 1164 491 96 26
189 766 486 40 37
189 536 481 65 47
189 1202 466 31 10
189 520 409 50 28
189 525 352 35 28
189 79 322 113 206
189 519 311 41 21
189 62 291 29 20
189 747 268 48 50
189 100 245 130 58
189 922 153 357 102
189 480 115 332 174
189 518 104 53 22
189 904 50 169 97
189 1086 33 151 74
190 527 680 391 39
190 1049 655 230 22
190 1106 627 173 26
190 1036 598 243 24
190 171 591 78 35
190 570 587 292 54
190 570 550 124 40
190 64 550 45 18
190 1008 499 96 34
190 1222 496 32 20
190 1114 496 78 28
190 800 481 43 38
190 555 473 77 53
190 132 409 72 118
190 548 405 49 31
190 551 350 37 25
190 94 313 100 67
190 546 302 41 23
190 780 245 50 64
190 120 238 126 58
190 143 211 14 10
190 963 145 316 98
190 507 104 341 178
190 547 89 47 28
190 946 38 172 97
190 1135 13 144 76
191 571 688 420 30
191 1264 665 14 16
191 1132 665 127 20
191 1190 635 89 25
191 1223 608 55 23
191 1115 608 103 23
191 201 600 79 36
191 619 594 308 56
191 81 558 55 13
191 616 545 133 51
191 1209 517 18 5
191 1085 500 98 35
191 1232 496 43 14
191 859 480 49 44
191 603 475 78 55
191 158 409 79 119
191 592 401 51 49
191 596 349 37 42
191 120 311 101 70
191 591 296 41 24
191 96 280 32 23
191 836 248 52 56
191 143 232 133 59
191 166 208 16 10
191 1033 129 236 103
191 546 93 362 178
191 591 79 49 25
191 1010 21 189 102
191 1218 17 61 57
192 603 701 31 14
192 638 697 402 22
192 1196 676 83 20
192 1255 646 24 16
192 1169 615 110 26
192 222 601 83 43
192 655 598 322 58
192 922 568 15 8
192 653 559 142 45
192 105 559 62 17
192 943 531 24 34
192 1142 503 104 37
192 905 485 50 45
192 635 481 85 54
192 623 405 53 46
192 628 348 38 20
192 134 311 126 222
192 619 296 48 27
192 114 282 31 17
192 877 245 58 55
192 160 232 137 61
192 185 208 16 10
192 575 168 17 25
192 1082 129 197 101
192 598 84 354 187
192 620 72 54 25
192 1062 13 202 99
193 328 682 23 15
193 176 641 18 15
193 1265 628 14 14
193 253 619 89 43
193 712 613 347 58
193 949 578 47 16
193 130 577 68 42
193 707 565 155 57
193 1023 558 19 9
193 1232 513 47 33
193 977 490 54 45
193 687 485 89 59
193 675 409 59 27
193 679 349 40 24
193 163 323 132 223
193 672 296 47 25
193 139 289 39 24
193 192 238 135 61
193 940 235 60 63
193 212 209 19 17
193 621 163 12 18
193 1161 127 118 95
193 647 74 372 196
193 665 66 59 27
193 1133 18 141 81
194 204 650 8 15
194 274 623 96 40
194 753 617 359 60
194 1001 581 44 18
194 145 578 73 48
194 745 571 164 52
194 1026 495 56 41
194 722 492 95 54
194 711 410 60 53
194 713 349 43 27
194 181 321 138 228
194 702 295 52 28
194 154 290 40 24
194 208 236 139 66
194 989 234 62 61
194 1 230 12 34
194 231 209 20 16
194 1213 125 66 91
194 647 68 422 203
194 693 61 63 25
194 1184 11 95 78
195 181 651 63 18
195 808 630 391 57
195 309 622 96 45
195 1060 590 73 28
195 175 578 76 50
195 804 577 235 53
195 1106 501 70 45
195 779 492 103 63
195 263 422 88 127
195 765 410 70 54
195 770 348 46 43
195 213 318 116 77
195 760 291 55 31
195 184 281 40 31
195 1063 229 68 67
195 241 229 146 70
195 1 227 37 44
195 263 202 19 16
195 703 148 16 25
195 1 140 23 32
195 724 54 426 212
195 752 48 63 31
196 245 653 24 15
196 852 637 404 60
196 333 628 101 41
196 1126 591 69 30
196 847 581 194 58
196 195 578 81 46
196 1165 507 63 42
196 820 498 106 59
196 807 412 70 59
196 288 396 93 155
196 816 387 33 14
196 809 348 50 29
196 241 314 117 77
196 799 291 58 37
196 207 276 41 33
196 1117 230 70 68
196 265 227 153 64
196 1 225 55 46
196 288 198 22 11
196 740 148 18 25
196 768 49 440 217
196 794 43 64 32
197 918 662 361 56
197 292 662 9 12
197 373 644 87 32
197 1223 622 34 24
197 1 615 46 66
197 912 601 200 59
197 230 594 71 33
197 278 589 36 11
197 1247 555 32 17
197 1259 539 15 6
197 1 535 35 60
197 894 514 105 63
197 870 423 70 60
197 873 354 55 59
197 269 323 154 239
197 859 298 62 42
197 242 281 43 31
197 1204 235 73 65
197 301 230 159 73
197 13 226 75 58
197 327 204 15 12
197 797 145 20 37
197 830 48 449 227
197 853 41 68 35
198 1003 710 103 8
198 260 678 25 18
198 963 677 316 27
198 396 654 110 38
198 958 613 200 58
198 246 600 91 59
198 937 517 107 64
198 912 431 75 60
198 916 359 56 62
198 455 354 14 15
198 294 327 147 245
198 899 302 61 48
198 262 290 44 31
198 1254 246 25 54
198 324 238 158 71
198 29 235 73 56
198 346 208 27 17
198 832 47 447 234
198 888 41 74 35
199 288 695 73 14
199 436 678 85 23
199 1036 677 243 26
199 40 647 46 62
199 281 617 92 50
199 1024 613 233 59
199 61 605 19 13
199 1003 516 116 69
199 971 426 80 60
199 977 385 62 28
199 492 362 17 10
199 973 353 58 25
199 322 328 164 252
199 291 298 44 27
199 958 295 72 45
199 54 245 71 59
199 358 239 162 72
199 376 209 26 20
199 881 140 28 42
199 945 31 77 35
199 914 30 365 240
200 313 691 77 19
200 464 678 78 22
200 1085 669 194 50
200 326 658 35 9
200 53 639 59 73
200 305 612 91 41
200 73 603 27 21
200 1073 595 206 68
200 1045 505 122 72
200 404 425 107 155
200 1014 412 86 64
200 1014 339 67 64
200 342 326 137 99
200 309 294 47 31
200 999 286 72 46
200 64 246 76 58
200 374 232 168 79
200 396 207 29 18
200 918 129 30 38
200 949 16 330 247
200 981 16 73 29
201 346 690 44 18
201 395 680 32 28
201 509 660 103 35
201 1164 649 115 52
201 81 627 63 88
201 337 606 97 58
201 102 605 25 23
201 1151 578 128 63
201 1109 477 141 76
201 445 410 110 164
201 1083 387 90 66
201 377 314 137 93
201 1081 311 73 71
201 338 284 49 30
201 1062 252 75 50
201 86 240 76 63
201 406 218 176 84
201 428 197 27 11
201 971 102 32 39
201 1008 6 271 228
201 1039 1 34 15
202 379 686 34 20
202 118 682 14 8
202 434 680 31 23
202 538 664 85 21
202 1222 633 57 54
202 364 599 105 61
202 1205 572 74 60
202 1 565 16 26
202 1174 460 105 75
202 1 454 16 29
202 473 414 114 154
202 1131 364 93 68
202 1 354 19 72
202 585 332 22 16
202 400 303 132 98
202 1127 286 77 74
202 361 275 48 34
202 99 236 77 67
202 1106 227 80 55
202 425 207 183 84
202 447 186 32 17
202 1004 4 275 212
203 145 697 22 9
203 418 678 37 25
203 144 677 20 18
203 478 676 27 21
203 584 655 92 25
203 400 598 114 58
203 1 565 47 34
203 1260 476 19 32
203 1 455 47 35
203 515 426 118 132
203 1 352 49 78
203 1209 344 70 61
203 633 314 15 14
203 1 298 30 56
203 438 287 136 102
203 395 263 52 33
203 1205 257 74 75
203 120 230 83 63
203 1181 195 85 55
203 465 186 188 96
203 143 179 26 47
203 482 167 34 22
203 164 161 12 11
203 1067 1 212 187
204 437 678 45 23
204 501 674 27 22
204 614 654 98 24
204 1 619 28 18
204 423 587 119 67
204 1 555 65 44
204 1 450 65 32
204 657 307 33 24
204 1 294 67 133
204 1261 287 18 67
204 463 281 206 272
204 1257 258 22 23
204 418 255 51 34
204 139 225 79 64
204 1233 194 46 50
204 488 177 195 95
204 510 158 28 21
204 1115 1 164 169
205 465 681 53 27
205 537 677 38 27
205 660 660 108 28
205 1 646 28 41
205 18 621 31 6
205 457 598 128 60
205 1 554 90 45
205 7 508 54 15
205 1 441 92 53
205 584 389 127 168
205 1 337 93 88
205 713 312 27 16
205 29 282 47 55
205 497 279 156 103
205 454 248 71 38
205 162 216 84 66
205 528 171 206 96
205 552 152 33 18
205 1205 34 17 29
206 509 691 32 21
206 566 690 41 20
206 697 669 107 30
206 1 655 51 59
206 24 618 51 21
206 486 600 133 65
206 1 559 111 63
206 48 518 28 5
206 16 445 96 44
206 615 423 136 144
206 657 404 33 8
206 15 340 102 86
206 738 308 41 24
206 49 282 46 58
206 528 279 162 108
206 479 249 58 37
206 181 216 84 66
206 564 171 203 96
206 583 152 33 18
206 223 141 12 16
207 634 703 9 12
207 756 687 103 23
207 1 676 83 43
207 1 660 47 16
207 57 642 50 17
207 532 619 140 71
207 1 577 151 63
207 72 507 32 6
207 49 459 101 50
207 669 437 137 140
207 1 382 28 35
207 793 309 42 32
207 49 298 101 147
207 573 286 166 109
207 520 259 59 35
207 216 226 81 65
207 603 175 217 101
207 624 156 38 23
207 235 141 45 75
208 788 705 73 13
208 1 677 97 42
208 1 659 74 23
208 88 646 33 14
208 552 626 150 73
208 1 581 163 70
208 80 512 13 12
208 1 508 15 14
208 66 462 101 55
208 693 445 143 145
208 1 382 43 39
208 66 353 103 91
208 830 321 40 31
208 99 296 45 54
208 597 290 175 114
208 550 262 73 38
208 232 227 83 64
208 628 180 229 104
208 652 161 40 20
208 246 139 54 87
209 1 677 99 42
209 1 660 57 21
209 79 644 53 15
209 576 641 155 65
209 1 578 180 64
209 34 505 19 12
209 1 496 30 21
209 733 478 139 128
209 762 457 12 11
209 75 455 109 61
209 77 344 114 90
209 1 343 58 71
209 880 334 41 28
209 634 295 179 117
209 116 289 48 55
209 582 267 67 35
209 263 225 75 62
209 669 189 240 98
209 696 166 39 23
210 1 668 108 51
210 594 641 157 58
210 2 637 137 31
210 1 572 190 61
210 107 516 64 16
210 4 486 28 28
210 758 467 144 138
210 84 449 111 56
210 1 358 67 69
210 914 337 41 26
210 88 331 115 92
210 1 328 17 26
210 657 295 183 114
210 126 272 52 59
210 603 262 68 37
210 276 214 79 61
210 690 186 251 100
210 722 163 41 18
211 1 656 131 62
211 1 640 83 19
211 629 628 166 77
211 112 624 52 15
211 1 557 213 66
211 143 499 47 14
211 17 473 36 18
211 802 441 150 151
211 104 430 117 61
211 18 394 39 18
211 854 373 18 20
211 24 340 60 44
211 47 321 25 9
211 959 314 44 34
211 105 314 121 94
211 1 309 44 40
211 692 284 189 109
211 144 258 56 54
211 635 245 69 36
211 301 195 77 64
211 733 167 259 99
211 763 145 41 16
212 1 647 143 65
212 653 619 177 75
212 25 617 156 32
212 1 545 231 74
212 131 495 51 17
212 32 460 30 22
212 829 457 158 121
212 116 418 117 67
212 34 328 60 45
212 62 312 15 6
212 116 303 126 92
212 991 298 50 32
212 1 298 40 41
212 716 261 201 114
212 159 241 51 58
212 656 226 77 38
212 312 180 76 63
212 753 143 270 105
212 786 121 43 22
213 716 699 46 16
213 815 697 26 18
213 978 690 135 22
213 692 599 183 74
213 1 592 202 98
213 1 523 254 76
213 152 464 79 21
213 50 440 22 14
213 877 422 156 137
213 876 403 31 31
213 136 391 123 62
213 49 299 67 54
213 77 280 28 10
213 137 275 128 96
213 1 271 60 42
213 1042 267 54 36
213 756 229 211 123
213 178 213 57 58
213 694 197 76 41
213 341 153 69 56
213 797 113 283 105
213 831 86 44 22
213 360 59 32 44
214 171 697 50 20
214 726 688 82 27
214 834 687 55 25
214 1010 678 139 26
214 725 647 13 12
214 753 646 56 12
214 11 614 173 62
214 15 600 35 21
214 54 598 53 14
214 717 583 190 73
214 131 576 91 22
214 1 508 273 83
214 162 454 66 19
214 111 439 6 18
214 57 419 36 18
214 907 396 175 148
214 148 373 128 67
214 58 337 37 47
214 59 282 64 52
214 149 257 136 95
214 17 253 53 41
214 1083 248 49 33
214 784 209 221 123
214 191 191 58 61
214 720 177 78 41
214 356 135 71 56
214 826 91 291 109
214 858 66 50 20
215 32 700 38 15
215 765 669 94 36
215 877 668 60 33
215 1071 659 160 42
215 821 626 74 20
215 32 595 178 64
215 36 577 113 23
215 758 567 199 80
215 167 557 78 20
215 15 485 289 87
215 185 423 89 27
215 79 401 29 25
215 958 391 179 132
215 959 362 27 29
215 987 352 18 17
215 168 349 137 69
215 88 346 10 14
215 990 325 9 12
215 77 313 37 19
215 79 258 70 54
215 109 239 28 10
215 171 227 139 104
215 40 227 48 43
215 1142 218 53 32
215 827 185 226 124
215 214 166 60 63
215 756 147 83 42
215 387 108 65 62
215 875 53 302 115
215 905 34 53 23
215 400 16 29 34
216 45 700 39 12
216 797 663 93 32
216 916 659 61 32
216 1113 647 165 44
216 967 617 28 10
216 899 617 29 9
216 44 591 180 67
216 47 574 87 26
216 786 554 205 81
216 136 554 127 23
216 31 477 291 88
216 204 413 91 28
216 89 393 33 26
216 991 373 187 137
216 994 352 33 23
216 186 337 138 76
216 81 308 41 19
216 1022 300 26 21
216 88 246 74 56
216 118 226 32 15
216 48 220 46 43
216 184 217 147 103
216 1178 197 60 39
216 853 167 235 126
216 230 148 58 66
216 784 132 80 44
216 404 98 64 60
216 899 35 317 115
216 935 16 52 22
217 71 701 36 17
217 845 658 92 32
217 969 653 64 30
217 1177 636 102 32
217 847 613 92 15
217 1022 605 28 10
217 63 592 192 67
217 66 574 91 26
217 158 546 136 31
217 835 539 216 87
217 53 472 296 93
217 226 413 94 21
217 107 390 36 18
217 1048 360 193 135
217 1049 332 14 16
217 149 327 10 13
217 207 323 144 82
217 1081 313 15 17
217 96 300 45 78
217 1077 282 27 27
217 103 239 75 54
217 1076 230 21 24
217 62 211 51 47
217 139 208 55 21
217 207 202 145 110
217 184 140 14 14
217 896 136 246 135
217 250 136 65 69
217 820 109 87 49
217 431 85 58 59
217 943 9 336 118
217 980 1 20 12
218 93 706 27 12
218 268 683 15 13
218 879 658 99 34
218 1007 653 67 33
218 1225 636 54 26
218 877 614 100 16
218 77 594 196 71
218 82 549 230 51
218 864 537 228 87
218 59 471 313 105
218 242 413 95 21
218 118 386 35 46
218 1082 353 197 139
218 222 325 147 78
218 126 323 19 16
218 285 320 21 12
218 109 302 43 20
218 116 236 76 57
218 1083 220 80 132
218 144 217 31 12
218 70 208 52 45
218 221 197 153 112
218 191 138 18 7
218 265 130 67 70
218 928 127 255 140
218 847 98 93 49
218 447 79 62 60
218 973 9 301 111
219 936 667 104 37
219 1067 660 77 39
219 1144 609 10 14
219 98 604 205 76
219 98 558 246 63
219 920 539 240 98
219 77 475 329 111
219 264 412 112 30
219 139 391 37 44
219 1149 355 130 140
219 246 322 156 90
219 1147 318 26 25
219 181 314 18 29
219 126 300 51 80
219 132 236 80 57
219 88 212 46 47
219 163 211 59 20
219 242 194 160 118
219 212 131 18 16
219 976 130 264 131
219 288 126 71 74
219 889 91 96 53
219 475 76 55 62
219 1022 13 248 99
220 980 669 112 40
220 1119 663 77 38
220 112 617 42 23
220 111 615 215 84
220 157 598 105 29
220 271 573 96 23
220 958 537 252 110
220 91 485 337 118
220 1 460 7 27
220 283 417 112 34
220 150 404 39 47
220 262 328 162 88
220 195 322 18 28
220 139 308 51 85
220 143 245 81 59
220 95 218 50 52
220 167 209 73 32
220 1182 199 97 292
220 256 198 164 123
220 223 136 19 14
220 301 129 75 74
220 1013 99 266 158
220 918 84 103 54
220 498 75 46 61
220 1054 11 225 92
221 1051 685 104 32
221 1191 678 84 34
221 135 635 223 77
221 1160 630 77 19
221 141 582 268 68
221 1 546 7 49
221 1019 545 260 111
221 111 495 357 123
221 331 423 103 32
221 172 410 42 52
221 287 332 173 93
221 219 316 25 43
221 158 311 58 90
221 162 246 87 66
221 112 222 52 49
221 194 214 66 32
221 282 198 174 128
221 244 136 27 20
221 1067 127 212 127
221 328 127 80 78
221 967 74 102 57
221 530 74 41 60
221 1109 6 170 87
222 1117 700 56 18
222 1257 697 22 17
222 1160 655 39 13
222 1072 655 86 19
222 1216 649 32 10
222 148 642 235 77
222 148 595 285 65
222 1263 569 12 8
222 1062 569 212 84
222 1 553 15 55
222 123 503 375 124
222 1 476 21 33
222 335 431 129 36
222 186 414 44 50
222 310 336 178 95
222 383 335 27 19
222 228 330 34 34
222 171 313 60 96
222 178 248 89 64
222 125 222 59 50
222 190 217 91 33
222 303 200 180 126
222 1110 152 169 109
222 264 135 28 18
222 351 129 78 76
222 1004 79 108 57
222 560 75 33 54
222 1150 18 129 77
223 177 656 247 63
223 185 605 292 64
223 1126 592 153 103
223 1 558 26 68
223 150 513 394 124
223 1 482 40 36
223 368 437 138 36
223 213 419 49 57
223 345 340 188 92
223 425 339 25 18
223 263 331 31 38
223 200 316 59 97
223 204 248 99 65
223 150 225 59 47
223 240 214 74 35
223 338 197 191 131
223 1173 181 106 87
223 296 135 27 14
223 387 126 83 81
223 1067 81 115 59
223 606 75 27 54
223 1225 45 54 53
224 192 658 259 61
224 1 639 8 21
224 1176 605 97 94
224 204 605 305 64
224 12 574 20 34
224 171 513 407 124
224 4 480 50 30
224 393 435 146 38
224 237 414 45 57
224 372 337 196 95
224 450 336 32 17
224 287 327 28 35
224 221 309 64 99
224 1250 250 24 14
224 227 245 100 67
224 171 217 62 53
224 262 208 83 32
224 363 191 196 134
224 320 126 34 21
224 416 118 86 84
224 1110 81 117 58
224 640 74 22 15
225 228 656 273 63
225 1260 655 19 22
225 1 640 25 22
225 1255 636 24 18
225 1248 612 30 18
225 239 604 318 65
225 32 573 20 32
225 199 507 431 126
225 26 477 44 28
225 272 476 25 15
225 434 431 157 36
225 196 421 27 13
225 269 407 49 60
225 205 362 27 47
225 256 348 44 56
225 497 330 28 14
225 408 328 211 98
225 324 321 26 33
225 250 300 68 43
225 262 232 103 67
225 199 205 66 56
225 294 195 84 35
225 404 184 207 130
225 356 109 35 18
225 456 107 88 82
225 1173 70 106 62
225 692 65 10 11
226 254 654 278 65
226 1 639 35 20
226 260 599 331 65
226 222 536 168 95
226 1 533 66 81
226 395 504 274 88
226 38 476 46 29
226 468 421 156 42
226 216 410 24 25
226 291 401 51 53
226 218 357 32 44
226 219 331 16 10
226 351 326 17 22
226 438 320 215 97
226 271 291 73 105
226 223 270 23 37
226 281 226 105 65
226 218 194 67 58
226 314 188 91 33
226 425 172 217 136
226 382 100 33 17
226 484 95 87 85
226 1213 76 66 39
227 286 644 296 75
227 1 633 57 22
227 295 587 347 71
227 1 528 87 72
227 255 521 176 98
227 434 491 287 91
227 308 476 36 7
227 54 467 42 27
227 331 454 29 12
227 509 407 165 39
227 246 399 34 15
227 326 387 52 59
227 248 343 35 52
227 314 325 49 57
227 388 318 17 10
227 253 312 21 13
227 574 305 26 20
227 478 302 228 103
227 304 273 68 48
227 254 259 19 9
227 313 207 109 66
227 246 179 69 52
227 324 177 11 11
227 350 167 96 37
227 466 149 228 141
227 419 82 33 18
227 525 72 96 89
228 313 635 304 84
228 1 626 69 23
228 323 578 360 71
228 1 513 98 87
228 276 512 184 98
228 466 475 296 96
228 333 460 35 13
228 64 458 50 29
228 538 393 177 41
228 268 389 35 16
228 350 373 52 63
228 507 332 57 34
228 272 331 33 35
228 332 300 63 72
228 271 296 28 17
228 530 287 213 104
228 416 284 18 33
228 271 268 16 18
228 324 263 73 44
228 336 193 114 68
228 268 167 70 54
228 373 149 93 40
228 496 135 234 141
228 443 62 39 23
228 553 54 100 90
229 354 649 36 39
229 1 615 92 25
229 402 614 272 98
229 361 555 382 75
229 1 499 121 99
229 313 451 512 145
229 84 442 48 31
229 376 428 37 23
229 589 367 185 46
229 301 367 30 34
229 386 352 55 64
229 299 308 41 44
229 367 287 61 63
229 303 276 23 14
229 653 261 32 23
229 551 259 247 110
229 303 239 20 32
229 363 238 74 44
229 370 166 117 74
229 301 139 68 60
229 411 123 100 41
229 538 104 247 145
229 483 31 40 25
229 594 25 108 92
230 1 700 44 19
230 1 603 101 27
230 379 599 334 100
230 390 537 394 81
230 1 491 134 99
230 342 475 199 105
230 96 439 40 21
230 548 432 322 104
230 397 421 55 18
230 418 403 41 11
230 326 349 37 23
230 620 346 195 47
230 414 332 56 62
230 319 287 48 53
230 396 257 58 74
230 323 257 33 16
230 689 241 33 22
230 492 240 15 10
230 584 236 255 112
230 324 227 27 21
230 498 204 8 14
230 386 145 128 116
230 320 118 77 62
230 436 104 105 40
230 569 81 255 149
230 510 12 40 23
230 628 2 107 92
231 1 688 66 31
231 428 618 41 44
231 1 618 14 6
231 17 594 106 24
231 480 576 300 105
231 434 514 416 85
231 1 476 153 96
231 382 453 211 109
231 116 418 52 30
231 600 404 340 110
231 441 401 43 9
231 464 385 32 9
231 363 327 37 41
231 676 314 201 54
231 356 266 48 48
231 792 255 84 39
231 633 255 155 67
231 359 226 33 24
231 703 204 205 77
231 358 197 28 15
231 424 189 94 186
231 358 173 41 17
231 434 116 131 73
231 354 89 77 63
231 479 71 103 44
231 616 45 269 155
231 676 1 114 60
232 1 681 79 38
232 463 606 35 44
232 1 583 138 38
232 519 563 310 108
232 473 532 257 57
232 733 499 167 40
232 15 468 160 96
232 411 435 223 119
232 130 409 48 28
232 638 389 353 110
232 470 376 58 25
232 715 295 212 55
232 488 293 63 71
232 386 248 50 86
232 671 236 254 71
232 384 213 36 21
232 783 188 41 23
232 743 184 211 78
232 452 175 84 116
232 382 173 32 39
232 386 153 36 18
232 463 100 135 77
232 377 72 80 71
232 504 50 111 47
232 652 22 283 162
232 719 1 99 39
233 1 677 99 42
233 512 598 50 42
233 16 574 147 41
233 568 546 335 114
233 520 483 456 94
233 1 457 194 123
233 150 395 51 31
233 461 368 612 169
233 448 320 11 11
233 432 286 41 27
233 520 273 83 108
233 780 272 220 58
233 425 227 53 53
233 427 195 27 17
233 730 157 301 128
233 424 157 23 29
233 497 148 88 122
233 428 138 20 7
233 506 72 141 77
233 418 48 84 61
233 551 25 120 43
233 704 1 299 156
234 1 678 116 41
234 548 596 54 45
234 27 574 150 41
234 607 544 350 116
234 553 475 479 96
234 1 454 213 123
234 168 404 24 18
234 491 355 640 181
234 463 286 38 34
234 555 262 84 110
234 824 261 226 59
234 454 217 53 50
234 452 185 40 22
234 895 152 40 19
234 447 144 35 29
234 771 141 312 130
234 529 139 90 123
234 452 125 37 14
234 537 61 152 78
234 445 33 88 70
234 580 11 123 46
234 743 4 315 139
235 35 683 100 36
235 39 574 157 48
235 602 542 434 123
235 610 501 344 72
235 955 472 159 42
235 1 455 230 123
235 182 401 30 22
235 602 357 21 14
235 542 349 672 187
235 523 309 14 11
235 509 277 42 22
235 621 253 72 116
235 885 248 248 63
235 497 208 51 59
235 496 153 42 40
235 491 135 28 32
235 962 134 46 25
235 831 127 332 135
235 570 126 100 124
235 491 106 48 23
235 579 41 163 85
235 799 26 185 105
235 483 18 90 73
235 996 13 128 67
235 621 2 118 43
235 875 1 148 49
236 45 688 95 31
236 637 545 445 127
236 642 491 425 87
236 1068 473 96 31
236 1 455 238 171
236 570 414 269 123
236 190 401 34 21
236 834 349 439 133
236 533 277 38 17
236 632 249 93 122
236 927 248 257 63
236 520 205 58 57
236 518 168 48 22
236 619 166 82 83
236 516 134 16 13
236 870 123 343 136
236 600 121 93 47
236 521 106 40 15
236 610 36 160 89
236 505 8 95 77
236 1037 7 136 68
236 834 1 229 125
236 658 1 90 34
237 22 685 110 34
237 680 601 51 54
237 27 574 174 44
237 722 557 427 121
237 680 487 548 93
237 1 449 243 122
237 605 413 283 126
237 191 391 39 19
237 885 373 394 114
237 564 268 52 22
237 984 250 268 63
237 672 249 103 120
237 658 199 70 47
237 556 197 60 56
237 687 175 47 24
237 730 170 19 10
237 553 158 52 22
237 1071 132 42 26
237 923 126 356 135
237 555 120 25 21
237 640 115 102 47
237 555 90 47 17
237 648 30 178 82
237 702 3 70 22
237 889 1 357 120
237 542 1 98 67
238 1 678 130 41
238 706 604 45 55
238 768 569 427 119
238 26 565 177 40
238 710 496 568 84
238 1 432 250 126
238 630 413 293 124
238 927 389 352 103
238 192 382 35 19
238 701 320 107 47
238 1031 267 248 51
238 594 264 46 18
238 728 246 78 76
238 612 220 22 29
238 584 189 62 27
238 963 186 316 78
238 692 167 80 76
238 743 154 20 13
238 582 153 48 18
238 1053 147 226 74
238 1109 136 46 23
238 674 107 100 51
238 585 84 49 20
238 681 22 171 82
238 1144 16 135 61
238 735 2 46 16
238 930 1 246 119
238 569 1 106 62
239 1 677 138 42
239 754 573 519 119
239 29 557 188 43
239 761 512 517 68
239 1 421 264 132
239 674 404 598 132
239 209 371 37 20
239 1092 289 94 24
239 1201 280 76 23
239 638 250 49 21
239 753 238 111 122
239 1030 182 249 77
239 628 180 61 25
239 1124 154 155 59
239 629 139 54 20
239 1187 130 42 23
239 652 116 17 7
239 635 106 13 15
239 722 99 112 132
239 626 65 53 21
239 1009 34 197 81
239 1222 21 57 55
239 1108 16 16 20
239 1078 12 27 29
239 731 12 190 78
239 994 7 83 55
239 614 3 103 50
239 1132 1 102 26
240 1 677 153 42
240 797 567 482 115
240 36 557 195 44
240 798 503 481 73
240 1 422 276 129
240 1036 395 243 83
240 713 393 315 134
240 222 371 23 13
240 1146 281 58 18
240 667 245 54 18
240 788 225 111 125
240 687 200 21 7
240 1068 168 201 80
240 653 166 72 24
240 1165 147 114 53
240 652 126 64 22
240 1228 118 38 20
240 653 86 21 9
240 752 85 119 133
240 655 53 53 22
240 1030 1 217 99
240 760 1 200 79
240 639 1 97 43
241 16 671 156 47
241 857 548 422 123
241 49 544 202 50
241 859 492 420 66
241 1 412 300 130
241 765 373 509 137
241 237 354 32 14
241 840 257 122 70
241 1231 253 41 18
241 716 218 52 21
241 867 202 86 53
241 1264 145 15 16
241 698 143 76 24
241 1133 140 141 78
241 825 102 96 95
241 697 102 60 20
241 800 61 109 45
241 1106 26 112 42
241 696 22 53 23
241 914 3 70 27
241 809 1 104 49
242 29 660 156 59
242 59 535 206 48
242 900 531 379 120
242 903 473 376 64
242 1 400 316 135
242 802 348 477 146
242 253 343 23 14
242 748 199 56 22
242 881 177 123 131
242 729 123 77 24
242 1177 116 88 63
242 862 84 104 88
242 731 81 58 19
242 835 36 114 49
242 1205 15 36 20
242 726 7 59 19
242 852 2 92 25
243 1026 699 120 20
243 50 645 163 69
243 77 516 217 52
243 973 499 306 116
243 972 450 307 55
243 27 378 318 139
243 273 320 27 16
243 868 311 411 149
243 866 268 27 13
243 944 217 129 51
243 803 164 56 21
243 968 138 100 82
243 783 84 79 25
243 788 41 59 20
243 891 2 137 132
244 1065 669 146 40
244 64 633 167 82
244 93 503 220 54
244 1021 482 258 112
244 1022 416 257 62
244 43 369 317 136
244 294 311 14 9
244 911 282 368 150
244 913 240 18 9
244 1004 227 19 9
244 844 132 59 25
244 1014 108 109 128
244 836 52 66 23
244 820 11 62 24
244 969 3 103 101
244 937 1 34 14
245 168 691 33 26
245 1161 637 118 78
245 94 617 173 78
245 117 485 229 55
245 1105 451 174 102
245 1109 403 100 33
245 1211 384 68 33
245 64 350 336 140
245 324 282 20 7
245 986 232 293 161
245 922 190 88 27
245 1100 158 17 10
245 907 86 65 22
245 1094 77 11 13
245 1094 61 108 129
245 1041 11 68 42
245 882 8 85 28
246 178 678 52 41
246 1234 674 45 27
246 1237 640 36 10
246 112 601 179 81
246 137 467 231 59
246 1176 441 69 60
246 1172 380 102 32
246 85 331 338 141
246 1042 214 237 157
246 994 171 34 17
246 1040 170 23 16
246 1174 98 18 13
246 1174 90 91 68
246 1210 65 21 9
246 958 62 64 24
246 1195 36 27 12
246 1106 12 18 12
246 1141 11 27 13
247 214 667 55 52
247 149 592 182 82
247 168 454 247 59
247 116 313 348 150
247 377 241 31 20
247 1135 195 144 149
247 1071 131 39 25
247 1041 25 67 19
248 173 589 186 130
248 191 450 249 60
248 135 302 362 156
248 1202 259 77 71
248 408 232 26 14
248 1228 211 51 42
248 1099 4 68 20
249 297 674 49 44
249 217 592 196 89
249 232 450 260 63
249 166 300 378 160
249 450 222 28 17
250 342 678 40 32
250 248 596 202 92
250 262 450 268 66
250 201 300 382 159
250 475 218 37 22
251 400 690 38 27
251 301 599 205 96
251 310 450 278 69
251 242 299 392 163
251 527 212 39 24
252 441 696 36 21
252 338 603 210 96
252 276 300 400 222
252 569 214 22 15
253 509 701 19 11
253 401 605 216 100
253 332 299 411 229
253 615 207 38 25
253 7 40 9 16
254 548 699 21 15
254 440 606 222 103
254 369 299 421 233
254 656 207 37 22
254 47 76 12 63
255 619 699 25 16
255 510 603 226 106
255 512 440 294 92
255 441 294 412 168
255 716 204 31 21
256 678 691 44 26
256 560 591 230 109
256 557 426 300 92
256 486 284 419 167
256 762 188 38 24
256 141 113 16 49
257 748 655 73 64
257 647 562 235 109
257 643 396 306 95
257 570 252 424 166
257 844 152 50 34
257 223 84 7 18
258 713 539 240 165
258 712 371 309 96
258 621 231 447 164
258 916 131 44 30
259 934 601 80 77
259 827 507 251 107
259 822 339 323 92
259 734 198 467 164
259 1036 97 49 28
260 1227 651 52 68
260 1013 592 77 75
260 898 501 262 100
260 813 181 466 236
260 1128 82 50 30
261 1132 574 82 82
261 1012 491 267 96
261 1014 348 183 51
261 1200 334 79 37
261 930 163 349 163
262 1216 555 63 76
262 1090 475 189 90
262 1088 328 187 49
262 1014 161 195 123
263 1205 454 74 67
263 1202 296 77 35
263 1095 100 183 146
